06/10/1994,12 16 34 38 41 45 46,36
06/17/1994,03 16 18 23 24 39 47,26
06/24/1994,05 21 27 30 31 36 44,41
07/01/1994,17 20 24 26 31 35 41,23
07/08/1994,15 24 32 35 37 41 45,07
07/15/1994,04 21 24 34 38 41 46,02
07/22/1994,01 18 26 31 34 36 38,37
07/29/1994,10 18 21 22 24 31 46,01
08/05/1994,07 19 21 26 38 40 42,33
08/12/1994,08 15 16 23 25 30 43,38
08/19/1994,02 05 06 08 21 32 38,20
08/26/1994,06 11 14 28 38 42 47,34
09/02/1994,04 08 10 11 21 33 46,42
09/09/1994,03 04 08 12 31 35 47,24
09/16/1994,03 10 11 29 32 43 47,09
09/23/1994,05 08 25 26 27 42 46,33
09/30/1994,01 19 24 33 35 45 47,13
10/07/1994,04 06 07 10 19 39 43,42
10/14/1994,02 05 30 32 36 37 42,45
10/21/1994,09 14 22 29 43 44 46,10
10/28/1994,01 13 15 18 27 32 40,02
11/04/1994,08 11 18 24 25 28 31,22
11/11/1994,07 16 32 35 38 39 44,18
11/18/1994,02 10 30 35 42 43 44,04
11/25/1994,01 04 08 25 26 34 42,22
12/02/1994,05 06 09 14 16 33 44,19
12/09/1994,02 24 26 29 37 45 47,30
12/16/1994,06 13 22 30 32 33 47,11
12/23/1994,02 04 08 13 21 22 34,14
12/30/1994,02 18 25 30 39 45 46,42
01/06/1995,22 23 25 26 37 41 45,42
01/13/1995,29 30 34 35 36 41 47,31
01/20/1995,10 19 21 22 31 33 35,47
01/27/1995,13 14 21 23 25 37 44,04
02/03/1995,07 09 13 20 26 36 41,42
02/10/1995,09 13 16 33 36 39 41,22
02/17/1995,05 12 16 19 20 28 35,08
02/24/1995,09 16 18 33 37 38 44,43
03/03/1995,05 16 19 29 30 38 41,12
03/10/1995,05 12 21 22 32 42 44,18
03/17/1995,03 12 20 29 40 41 44,08
03/24/1995,05 09 16 21 22 41 44,13
03/31/1995,06 13 22 23 32 35 47,45
04/07/1995,15 16 28 32 33 38 47,12
04/14/1995,07 08 12 24 25 28 33,16
04/21/1995,02 11 14 29 30 39 46,17
04/28/1995,07 15 19 21 26 32 39,40
05/05/1995,14 19 23 24 35 46 47,33
05/12/1995,08 19 34 35 43 44 47,04
05/19/1995,05 08 09 16 27 35 38,10
05/26/1995,03 10 12 14 22 26 38,27
06/02/1995,16 17 19 24 37 39 44,36
06/09/1995,06 10 11 15 34 39 45,04
06/16/1995,01 12 15 30 32 33 38,10
06/23/1995,02 03 22 28 31 34 39,08
06/30/1995,04 10 16 22 23 34 40,21
07/07/1995,01 03 12 13 29 42 44,46
07/14/1995,25 26 28 32 40 43 44,24
07/21/1995,02 10 12 15 23 24 42,08
07/28/1995,04 10 31 35 37 40 46,01
08/04/1995,08 17 33 36 39 41 45,27
08/11/1995,01 07 16 19 24 25 30,08
08/18/1995,19 28 29 31 38 43 44,01
08/25/1995,02 06 16 36 38 44 47,35
09/01/1995,05 07 08 21 22 27 44,26
09/08/1995,08 10 32 34 35 37 44,30
09/15/1995,17 24 25 26 27 35 38,07
09/22/1995,09 19 26 36 40 43 46,31
09/29/1995,20 21 26 28 31 38 39,29
10/06/1995,02 07 19 28 31 38 45,41
10/13/1995,01 02 27 33 34 42 45,43
10/20/1995,02 11 22 23 33 45 46,40
10/27/1995,10 11 19 20 31 40 44,13
11/03/1995,13 19 22 33 34 36 42,26
11/10/1995,03 09 10 15 23 26 46,28
11/17/1995,04 15 16 19 29 41 43,47
11/24/1995,10 21 29 35 37 43 45,23
12/01/1995,01 22 25 29 31 39 42,17
12/08/1995,08 11 18 24 29 35 47,37
12/15/1995,04 13 17 21 25 26 47,23
12/22/1995,06 08 12 29 41 42 46,04
12/29/1995,01 04 07 16 19 35 46,36
01/05/1996,06 07 21 32 39 40 47,08
01/12/1996,01 21 24 25 38 42 47,32
01/19/1996,01 06 31 35 37 45 46,28
01/26/1996,01 07 11 15 22 23 32,40
02/02/1996,02 08 09 19 20 36 43,21
02/09/1996,05 09 17 21 28 30 40,25
02/16/1996,03 05 13 25 31 38 46,17
02/23/1996,01 20 30 33 35 43 45,32
03/01/1996,02 04 15 21 22 25 39,18
03/08/1996,05 14 17 22 26 29 42,25
03/15/1996,03 06 19 29 34 35 40,41
03/22/1996,02 06 07 15 28 36 47,08
03/29/1996,08 10 14 22 25 28 39,47
04/05/1996,03 10 11 17 33 43 46,06
04/12/1996,05 19 25 26 28 29 42,36
04/19/1996,08 10 13 23 35 42 43,32
04/26/1996,06 17 23 28 39 40 46,12
05/03/1996,02 06 16 21 26 28 34,09
05/10/1996,01 07 10 12 18 43 46,35
05/17/1996,03 08 09 28 29 31 39,21
05/24/1996,04 11 26 27 34 36 38,14
05/31/1996,27 29 34 35 36 39 43,28
06/07/1996,02 07 10 16 18 19 20,35
06/14/1996,01 14 17 18 21 25 41,43
06/21/1996,01 02 10 36 39 43 47,13
06/28/1996,07 13 22 23 28 40 46,12
07/05/1996,09 13 20 40 44 45 46,05
07/12/1996,05 11 24 30 36 40 41,15
07/19/1996,06 07 18 26 32 42 46,47
07/26/1996,05 08 09 15 36 37 43,45
08/02/1996,05 16 19 28 33 37 42,02
08/09/1996,06 15 19 27 31 35 43,05
08/16/1996,10 11 20 22 31 39 40,03
08/23/1996,08 10 11 14 16 24 40,06
08/30/1996,03 04 06 30 35 37 46,10
09/06/1996,13 20 24 26 27 28 46,04
09/13/1996,09 25 31 32 41 45 47,12
09/20/1996,02 03 04 06 35 37 38,41
09/27/1996,03 06 16 29 30 31 32,11
10/04/1996,05 10 26 33 42 44 45,30
10/11/1996,01 11 32 33 37 45 46,22
10/18/1996,08 10 12 13 19 32 42,21
10/25/1996,08 13 18 21 24 25 36,47
11/01/1996,01 05 09 28 38 40 43,25
11/08/1996,03 16 18 21 23 31 39,43
11/15/1996,15 23 31 37 40 43 46,39
11/22/1996,12 18 20 22 28 35 47,33
11/29/1996,05 09 12 17 36 44 45,35
12/06/1996,03 16 17 31 33 41 42,44
12/13/1996,01 05 08 21 34 35 45,43
12/20/1996,03 04 14 18 29 41 44,40
12/27/1996,22 24 34 38 41 45 47,14
01/03/1997,08 12 13 20 35 37 38,28
01/10/1997,05 09 23 25 35 36 43,26
01/17/1997,06 10 11 34 37 39 47,16
01/24/1997,04 06 14 15 22 29 36,44
01/31/1997,05 10 12 14 25 38 44,26
02/07/1997,02 05 16 18 24 30 38,17
02/14/1997,01 03 10 31 32 37 45,19
02/21/1997,02 12 15 18 32 34 46,13
02/28/1997,08 09 16 20 30 39 43,42
03/07/1997,01 15 17 23 30 41 45,25
03/14/1997,02 07 09 11 22 34 36,23
03/21/1997,03 04 06 15 22 31 35,23
03/28/1997,10 12 14 20 27 42 45,35
04/04/1997,04 05 17 18 23 37 46,38
04/11/1997,03 05 12 17 34 39 40,22
04/18/1997,09 11 17 20 23 24 37,35
04/25/1997,07 13 27 29 34 40 43,09
05/02/1997,07 24 26 30 40 44 46,42
05/09/1997,13 24 30 31 32 38 40,36
05/16/1997,05 06 15 19 29 34 39,47
05/23/1997,25 28 35 38 40 41 47,36
05/30/1997,07 09 10 12 24 38 42,22
06/06/1997,01 27 32 34 39 43 44,14
06/13/1997,01 02 08 11 13 39 42,06
06/20/1997,17 18 29 32 33 39 43,24
06/27/1997,04 17 30 33 35 36 44,29
07/04/1997,11 18 24 33 41 42 46,30
07/11/1997,01 08 22 38 41 43 46,14
07/18/1997,08 13 21 24 32 39 44,27
07/25/1997,12 26 27 32 35 39 46,37
08/01/1997,04 05 20 24 37 40 47,33
08/08/1997,02 05 25 30 34 37 42,39
08/15/1997,04 07 25 26 32 43 46,21
08/22/1997,03 07 14 25 30 39 40,12
08/29/1997,01 04 05 11 13 16 46,44
09/05/1997,04 07 17 19 23 25 35,21
09/12/1997,08 11 18 24 29 41 47,15
09/19/1997,02 12 14 20 22 25 27,11
09/26/1997,12 19 28 33 36 37 42,07
10/03/1997,08 12 17 18 28 29 35,06
10/10/1997,05 07 15 24 26 38 43,25
10/17/1997,17 21 23 25 26 33 47,41
10/24/1997,16 19 27 34 44 45 46,13
10/31/1997,10 22 31 35 40 43 46,27
11/07/1997,09 26 29 34 37 40 45,23
11/14/1997,08 09 15 30 34 35 36,04
11/21/1997,06 07 20 22 29 34 38,14
11/28/1997,08 13 16 18 26 29 33,30
12/05/1997,09 21 29 32 33 43 45,02
12/12/1997,03 16 17 20 25 33 35,46
12/19/1997,12 17 24 26 31 32 42,37
12/26/1997,03 10 25 27 28 39 45,32
01/02/1998,21 22 27 28 32 44 47,09
01/09/1998,11 21 23 24 32 41 42,43
01/16/1998,01 10 11 32 33 41 45,05
01/23/1998,01 05 09 15 36 41 44,02
01/30/1998,07 10 16 25 26 30 37,03
02/06/1998,05 23 28 30 34 42 43,37
02/13/1998,02 20 27 31 32 34 39,42
02/20/1998,19 23 25 26 31 35 40,17
02/27/1998,01 04 06 11 34 35 46,23
03/06/1998,08 20 21 27 31 35 36,07
03/13/1998,11 21 24 29 34 36 47,38
03/20/1998,08 20 25 26 30 31 39,28
03/27/1998,07 15 34 36 37 43 45,28
04/03/1998,04 05 18 19 20 33 37,03
04/10/1998,07 12 23 25 27 34 45,20
04/17/1998,19 21 26 27 33 38 42,36
04/24/1998,02 04 06 12 16 19 24,07
05/01/1998,05 10 15 17 27 28 32,02
05/08/1998,07 08 10 23 29 31 35,41
05/15/1998,01 02 04 16 32 38 43,17
05/22/1998,03 10 12 16 25 30 34,42
05/29/1998,09 10 14 16 18 21 42,01
06/05/1998,07 21 27 29 34 40 44,30
06/12/1998,16 22 23 27 30 40 41,19
06/19/1998,04 05 06 09 31 37 47,32
06/26/1998,02 03 16 22 29 33 38,12
07/03/1998,02 15 16 17 27 36 44,08
07/10/1998,11 12 24 28 30 35 46,32
07/17/1998,09 10 25 28 29 39 40,03
07/24/1998,23 26 28 30 34 37 39,44
07/31/1998,10 18 20 29 31 38 47,37
08/07/1998,09 12 15 20 21 27 37,33
08/14/1998,05 07 08 23 32 38 40,35
08/21/1998,04 05 22 31 36 38 43,25
08/28/1998,06 10 21 24 31 45 46,20
09/04/1998,03 04 10 15 25 28 41,32
09/11/1998,11 33 36 37 43 44 46,45
09/18/1998,05 07 25 32 40 44 45,30
09/25/1998,03 15 20 21 35 46 47,26
10/02/1998,07 15 23 25 27 37 40,22
10/09/1998,01 07 19 23 35 37 45,02
10/16/1998,02 05 08 11 16 20 34,01
10/23/1998,07 09 16 21 27 35 45,13
10/30/1998,06 14 16 20 21 23 37,30
11/06/1998,05 06 13 19 23 24 44,45
11/13/1998,20 26 32 33 37 39 45,19
11/20/1998,08 15 18 21 29 40 46,26
11/27/1998,03 17 23 35 38 39 43,15
12/04/1998,05 06 07 18 29 31 45,01
12/11/1998,01 13 14 34 40 44 47,16
12/18/1998,01 13 14 15 27 38 44,18
12/25/1998,04 09 17 19 31 36 43,44
01/01/1999,06 10 11 12 26 32 35,38
01/08/1999,04 07 14 18 33 35 39,17
01/15/1999,01 07 14 18 34 37 43,41
01/22/1999,04 17 18 33 37 42 43,14
01/29/1999,03 09 16 19 26 35 42,25
02/05/1999,07 11 12 17 39 41 44,37
02/12/1999,09 10 12 16 33 37 47,40
02/19/1999,01 04 06 09 16 35 45,42
02/26/1999,09 19 20 24 36 39 41,16
03/05/1999,01 02 06 24 32 34 47,21
03/12/1999,08 14 17 20 24 37 43,26
03/19/1999,08 12 20 21 29 36 41,10
03/26/1999,12 13 14 42 43 44 45,28
04/02/1999,01 06 09 13 30 38 40,28
04/09/1999,05 06 23 24 30 31 34,08
04/16/1999,05 07 19 27 36 43 44,47
04/23/1999,01 03 08 10 17 33 44,43
04/30/1999,08 23 25 29 34 45 47,37
05/07/1999,01 13 17 19 27 32 37,46
05/14/1999,06 08 13 23 27 30 39,42
05/21/1999,07 09 16 17 18 34 36,46
05/28/1999,02 17 22 25 30 39 43,07
06/04/1999,04 11 26 39 42 44 45,43
06/11/1999,10 12 14 34 35 43 44,26
06/18/1999,03 05 17 21 30 39 42,34
06/25/1999,09 11 15 17 21 23 30,36
07/02/1999,13 17 20 25 26 28 40,34
07/09/1999,04 11 19 21 23 27 34,09
07/16/1999,02 05 25 31 42 44 47,46
07/23/1999,03 07 14 19 21 23 35,33
07/30/1999,05 10 18 27 33 40 43,11
08/06/1999,06 09 25 29 30 34 45,08
08/13/1999,22 31 33 34 36 41 43,07
08/20/1999,06 08 17 36 41 43 44,16
08/27/1999,14 16 23 25 38 44 46,41
09/03/1999,02 14 31 33 39 40 47,01
09/10/1999,03 09 12 13 15 19 27,33
09/17/1999,03 09 24 30 34 39 46,41
09/24/1999,07 16 21 27 30 33 47,20
10/01/1999,03 10 16 18 21 37 47,39
10/08/1999,08 19 20 23 27 40 44,33
10/15/1999,05 09 10 14 32 33 39,16
10/22/1999,03 04 06 13 20 34 43,02
10/29/1999,25 28 29 31 32 36 45,22
11/05/1999,04 12 24 31 33 34 41,09
11/12/1999,06 17 18 19 24 41 47,22
11/19/1999,15 21 23 25 33 35 37,40
11/26/1999,05 06 07 15 28 33 43,16
12/03/1999,01 03 29 36 37 41 45,43
12/10/1999,05 15 22 24 28 30 47,07
12/17/1999,16 19 20 22 23 38 46,15
12/24/1999,13 16 17 27 32 45 47,11
12/31/1999,05 07 13 17 27 32 36,35
01/07/2000,02 04 16 17 22 28 33,09
01/14/2000,10 18 21 22 26 33 35,45
01/21/2000,07 09 11 18 19 28 40,24
01/28/2000,01 17 18 25 31 32 39,41
02/04/2000,04 10 18 21 27 33 45,26
02/11/2000,02 03 05 15 25 37 39,33
02/18/2000,01 02 07 10 21 28 41,33
02/25/2000,04 05 12 15 33 40 44,46
03/03/2000,04 25 28 34 35 39 47,06
03/10/2000,06 07 14 37 38 40 46,28
03/17/2000,02 06 18 29 31 35 43,07
03/24/2000,04 06 07 23 29 35 36,43
03/31/2000,16 20 21 25 26 36 46,18
04/07/2000,08 23 28 34 37 39 43,19
04/14/2000,08 09 16 37 42 43 46,41
04/21/2000,01 05 14 23 35 38 43,04
04/28/2000,03 11 16 24 40 42 46,45
05/05/2000,05 10 18 19 20 27 31,15
05/12/2000,08 09 10 22 32 39 43,16
05/19/2000,11 27 28 31 33 46 47,39
05/26/2000,07 11 23 38 44 46 47,36
06/02/2000,03 06 13 23 24 44 47,22
06/09/2000,05 08 10 12 22 25 43,45
06/16/2000,04 19 23 39 40 41 47,45
06/23/2000,04 07 17 22 24 37 42,31
06/30/2000,04 06 13 18 21 36 43,12
07/07/2000,05 07 22 24 26 41 42,34
07/14/2000,03 16 23 34 37 41 42,02
07/21/2000,07 12 13 17 19 23 39,03
07/28/2000,06 12 14 17 23 31 38,30
08/04/2000,01 14 15 22 26 34 41,32
08/11/2000,02 04 14 16 29 36 38,25
08/18/2000,10 14 16 24 32 41 44,36
08/25/2000,10 12 13 16 20 33 36,44
09/01/2000,01 11 15 17 24 38 43,02
09/08/2000,07 22 24 26 30 33 40,03
09/15/2000,06 10 23 34 38 41 44,35
09/22/2000,03 14 15 21 22 34 42,40
09/29/2000,01 20 22 26 39 45 46,21
10/06/2000,01 02 04 12 20 34 36,15
10/13/2000,06 10 13 25 27 40 43,34
10/20/2000,06 14 25 29 30 36 40,22
10/27/2000,03 04 05 06 41 42 45,31
11/03/2000,04 19 23 28 32 39 47,11
11/10/2000,04 11 16 23 24 42 47,45
11/17/2000,01 05 07 10 22 29 37,12
11/24/2000,06 08 19 20 26 29 45,13
12/01/2000,01 14 17 22 26 33 36,40
12/08/2000,01 08 13 20 31 35 37,44
12/15/2000,11 16 19 28 36 44 46,39
12/22/2000,04 07 09 29 31 36 44,40
12/29/2000,08 25 26 35 37 39 42,13
01/05/2001,16 22 28 37 39 45 47,36
01/12/2001,12 15 20 27 28 33 47,37
01/19/2001,06 11 16 19 30 33 43,08
01/26/2001,01 09 13 16 20 29 43,44
02/02/2001,06 14 29 34 36 38 41,19
02/09/2001,02 09 11 13 29 31 39,19
02/16/2001,04 08 14 24 32 37 45,13
02/23/2001,01 04 06 09 14 19 31,46
03/02/2001,11 14 23 25 27 29 46,17
03/09/2001,04 11 13 17 20 26 47,46
03/16/2001,04 06 11 25 26 37 43,07
03/23/2001,06 10 16 18 29 30 47,09
03/30/2001,03 10 17 33 36 38 46,04
04/06/2001,02 04 11 14 16 23 28,17
04/13/2001,07 26 31 34 37 39 45,10
04/20/2001,02 10 14 16 21 22 27,46
04/27/2001,03 05 11 26 28 43 46,06
05/04/2001,09 20 26 28 31 32 36,29
05/11/2001,06 11 17 20 28 35 47,31
05/18/2001,03 13 14 19 22 43 45,16
05/25/2001,18 22 28 31 40 41 45,37
06/01/2001,03 06 20 29 30 36 43,12
06/08/2001,03 10 12 16 32 33 42,43
06/15/2001,21 27 34 36 37 39 41,13
06/22/2001,02 05 06 10 11 14 29,23
06/29/2001,08 18 22 29 38 43 44,17
07/06/2001,12 14 19 29 37 41 43,34
07/13/2001,04 14 16 32 35 44 45,06
07/20/2001,08 14 18 29 34 42 47,12
07/27/2001,02 09 12 17 30 36 45,40
08/03/2001,06 23 29 38 39 43 47,22
08/10/2001,11 21 31 32 34 39 43,41
08/17/2001,01 13 15 22 25 34 46,32
08/24/2001,02 09 17 18 34 43 47,12
08/31/2001,06 20 22 23 28 37 46,07
09/07/2001,08 14 17 19 24 28 32,15
09/14/2001,14 17 22 32 36 44 46,02
09/21/2001,09 18 25 28 36 37 44,31
09/28/2001,15 16 29 30 39 40 47,05
10/05/2001,06 19 24 25 32 34 43,31
10/12/2001,05 09 10 18 20 23 46,04
10/19/2001,02 03 07 10 20 24 33,37
10/26/2001,08 15 16 17 22 32 39,04
11/02/2001,02 11 16 20 30 35 46,15
11/09/2001,02 08 27 37 39 40 46,45
11/16/2001,08 13 21 36 38 45 46,29
11/23/2001,04 08 10 20 25 26 31,44
11/30/2001,06 11 16 21 22 30 39,02
12/07/2001,04 13 15 18 24 27 29,47
12/14/2001,02 05 09 29 31 34 43,13
12/21/2001,08 16 22 32 37 44 46,11
12/28/2001,05 10 32 37 44 45 46,40
01/04/2002,25 26 30 34 37 40 47,04
01/11/2002,07 10 15 23 29 34 45,03
01/18/2002,06 09 13 25 27 30 45,26
01/25/2002,01 02 15 27 30 31 34,04
02/01/2002,07 08 11 17 28 30 34,31
02/08/2002,04 10 12 24 27 31 34,29
02/15/2002,06 11 23 27 35 39 43,30
02/22/2002,05 15 16 17 28 29 35,34
03/01/2002,01 04 08 11 14 18 19,05
03/08/2002,07 09 15 23 32 34 45,20
03/15/2002,02 07 10 32 45 46 47,28
03/22/2002,02 03 04 12 26 35 36,46
03/29/2002,02 09 13 15 29 30 31,10
04/05/2002,02 10 22 24 26 34 37,18
04/12/2002,01 10 16 17 22 29 35,30
04/19/2002,06 17 19 37 38 43 47,27
04/26/2002,05 08 12 16 20 28 38,42
05/03/2002,13 24 27 38 43 45 47,10
05/10/2002,06 07 09 14 30 31 38,36
05/17/2002,14 17 20 23 24 39 42,47
05/24/2002,12 21 23 27 32 41 45,14
05/31/2002,07 08 19 21 29 39 42,18
06/07/2002,03 23 25 26 34 38 39,27
06/14/2002,02 07 10 21 31 32 33,17
06/21/2002,01 04 24 32 35 40 42,13
06/28/2002,08 13 19 24 30 43 47,33
07/05/2002,11 22 26 31 37 39 44,27
07/12/2002,01 03 06 10 12 17 29,21
07/19/2002,01 06 10 21 26 33 45,20
07/26/2002,17 26 33 34 37 40 42,01
08/02/2002,18 25 29 34 45 46 47,01
08/09/2002,02 04 15 19 24 35 45,14
08/16/2002,11 13 16 19 21 46 47,01
08/23/2002,10 15 18 19 36 43 46,42
08/30/2002,12 15 21 35 38 45 46,27
09/06/2002,10 12 23 24 28 37 43,15
09/13/2002,01 05 15 18 39 44 46,03
09/20/2002,01 13 23 27 37 40 45,18
09/27/2002,01 11 28 32 33 40 43,23
10/04/2002,07 09 12 22 24 40 41,14
10/11/2002,03 11 16 21 36 43 44,33
10/18/2002,02 16 17 31 34 36 38,05
10/25/2002,10 16 18 23 35 36 46,43
11/01/2002,03 26 27 28 31 34 45,41
11/08/2002,08 15 24 26 37 40 44,14
11/15/2002,06 15 23 28 36 39 41,44
11/22/2002,03 04 20 22 32 33 36,05
11/29/2002,11 19 23 28 37 40 47,21
12/06/2002,06 14 15 23 27 33 38,44
12/13/2002,08 10 14 27 29 41 47,21
12/20/2002,21 29 31 33 35 43 45,19
12/27/2002,02 04 06 07 27 42 46,11
01/03/2003,03 04 17 22 24 25 41,10
01/10/2003,02 03 05 18 25 31 32,20
01/17/2003,06 16 24 32 35 37 46,02
01/24/2003,07 17 19 26 33 37 42,02
01/31/2003,04 10 15 18 40 46 47,35
02/07/2003,06 10 13 16 20 24 25,34
02/14/2003,15 26 27 28 36 40 41,25
02/21/2003,02 06 09 17 21 40 46,14
02/28/2003,01 16 20 32 37 41 47,24
03/07/2003,05 12 15 21 27 37 44,43
03/14/2003,03 08 09 12 16 18 23,30
03/21/2003,06 07 08 13 19 20 24,14
03/28/2003,02 14 26 31 32 33 39,08
04/04/2003,04 08 14 21 27 29 31,07
04/11/2003,02 03 12 27 36 37 41,01
04/18/2003,14 16 19 23 27 31 43,01
04/25/2003,06 17 18 32 34 39 45,25
05/02/2003,06 09 10 26 33 37 42,15
05/09/2003,02 06 12 28 45 46 47,24
05/16/2003,12 13 17 21 23 40 45,27
05/23/2003,12 15 19 27 37 41 42,06
05/30/2003,02 05 09 10 16 25 35,01
06/06/2003,13 25 32 34 35 38 46,11
06/13/2003,15 21 24 25 30 40 41,09
06/20/2003,07 16 17 21 23 35 42,39
06/27/2003,01 06 07 26 32 39 47,30
07/04/2003,08 09 14 22 25 26 43,15
07/11/2003,08 09 24 27 28 29 38,32
07/18/2003,11 13 14 22 24 37 47,03
07/25/2003,04 18 23 25 27 38 41,45
08/01/2003,03 07 24 27 29 34 35,31
08/08/2003,03 09 12 15 19 23 38,35
08/15/2003,07 13 15 21 26 40 41,12
08/22/2003,16 18 25 30 31 35 46,19
08/29/2003,03 12 18 29 32 40 44,27
09/05/2003,06 14 26 35 36 44 47,30
09/12/2003,03 07 17 20 24 37 38,39
09/19/2003,02 09 21 33 36 38 39,31
09/26/2003,03 06 14 29 30 40 47,27
10/03/2003,03 14 25 31 32 44 45,08
10/10/2003,03 15 23 37 38 39 43,45
10/17/2003,12 22 34 37 39 43 47,09
10/24/2003,03 11 23 26 27 28 31,14
10/31/2003,01 16 18 21 31 40 42,11
11/07/2003,03 13 16 19 35 38 45,33
11/14/2003,08 12 19 21 23 28 46,47
11/21/2003,13 31 34 36 37 43 46,32
11/28/2003,09 12 20 25 36 40 44,46
12/05/2003,03 04 06 12 23 32 41,39
12/12/2003,04 07 11 12 28 37 42,25
12/19/2003,14 17 20 23 32 37 44,43
12/26/2003,06 08 14 25 36 41 42,20
01/02/2004,09 23 36 37 42 44 46,43
01/09/2004,06 15 19 23 34 40 47,16
01/16/2004,15 27 32 36 38 39 42,25
01/23/2004,02 03 07 14 15 25 46,38
01/30/2004,06 11 18 24 25 29 42,21
02/06/2004,06 10 15 27 30 37 46,18
02/13/2004,02 14 15 25 31 32 38,39
02/20/2004,08 19 21 24 25 45 47,38
02/27/2004,03 07 17 23 24 32 45,11
03/05/2004,16 27 29 32 34 35 36,42
03/12/2004,06 13 18 23 25 38 43,17
03/19/2004,05 09 15 27 31 37 47,40
03/26/2004,08 11 17 21 26 28 34,27
04/02/2004,23 25 34 35 37 38 47,07
04/09/2004,09 11 20 21 25 26 40,03
04/16/2004,04 11 28 33 35 43 47,29
04/23/2004,10 34 38 40 41 43 47,29
04/30/2004,01 09 21 22 23 45 46,12
05/07/2004,06 13 14 17 35 37 46,23
05/14/2004,09 22 23 27 38 41 44,29
05/21/2004,07 22 23 26 32 37 43,11
05/28/2004,14 15 18 25 31 42 44,38
06/04/2004,03 18 23 32 36 42 47,21
06/11/2004,06 11 13 18 19 36 42,14
06/18/2004,16 18 19 29 36 40 45,10
06/25/2004,16 22 29 31 33 34 46,11
07/02/2004,03 07 12 30 32 37 47,27
07/09/2004,01 12 29 30 43 44 45,13
07/16/2004,05 21 23 30 32 37 45,19
07/23/2004,03 09 20 25 34 35 45,11
07/30/2004,07 08 19 20 28 34 40,38
08/06/2004,04 18 23 31 38 39 47,25
08/13/2004,03 04 08 10 20 34 46,31
08/20/2004,07 10 11 14 16 19 32,44
08/27/2004,02 16 17 18 26 32 45,34
09/03/2004,02 12 13 31 35 36 44,30
09/10/2004,02 13 20 26 27 40 46,37
09/17/2004,02 08 33 36 38 44 47,03
09/24/2004,09 23 24 29 30 34 43,14
10/01/2004,07 24 26 29 34 42 47,06
10/08/2004,03 04 09 18 29 34 44,07
10/15/2004,03 07 14 15 20 30 46,26
10/22/2004,01 08 13 23 29 31 41,35
10/29/2004,14 15 21 34 36 42 44,43
11/05/2004,04 26 31 32 33 35 43,25
11/12/2004,06 12 25 27 28 39 46,35
11/19/2004,01 11 12 20 31 36 47,24
11/26/2004,01 06 22 24 38 39 46,15
12/03/2004,05 20 35 36 39 43 45,37
12/10/2004,03 07 11 24 34 35 42,36
12/17/2004,01 10 17 24 32 36 45,13
12/24/2004,06 21 27 29 33 35 45,08
12/31/2004,19 21 26 29 34 40 41,47
01/07/2005,04 22 27 35 39 45 46,19
01/14/2005,22 23 27 32 34 40 41,33
01/21/2005,09 13 15 18 35 37 39,23
01/28/2005,05 08 09 25 27 37 45,02
02/04/2005,22 28 30 31 35 37 40,32
02/11/2005,01 03 14 16 28 30 32,26
02/18/2005,05 16 17 19 21 28 47,46
02/25/2005,12 17 21 25 30 31 44,27
03/04/2005,11 12 15 23 37 38 39,14
03/11/2005,10 14 23 27 28 37 44,40
03/18/2005,05 16 20 21 23 32 34,13
03/25/2005,05 07 11 37 41 44 46,34
04/01/2005,11 15 28 31 36 45 46,17
04/08/2005,01 03 21 26 36 42 44,47
04/15/2005,03 05 08 13 16 41 45,29
04/22/2005,13 16 18 22 26 40 43,39
04/29/2005,03 04 19 25 33 38 41,35
05/06/2005,05 08 11 17 25 26 47,15
05/13/2005,02 05 13 26 28 30 31,35
05/20/2005,10 32 35 38 39 43 44,46
05/27/2005,01 12 13 27 29 31 41,22
06/03/2005,04 07 21 26 39 42 47,20
06/10/2005,03 10 13 28 35 37 38,45
06/17/2005,01 07 27 33 39 40 42,29
06/24/2005,03 09 16 21 32 40 45,47
07/01/2005,20 21 23 25 29 34 39,33
07/08/2005,02 04 05 12 14 17 28,09
07/15/2005,03 04 12 13 21 32 40,01
07/22/2005,16 18 23 24 26 37 38,14
07/29/2005,06 09 12 25 33 35 40,11
08/05/2005,15 21 27 29 37 38 39,46
08/12/2005,03 05 25 36 39 42 43,09
08/19/2005,08 09 19 33 38 41 42,14
08/26/2005,09 13 18 33 42 43 46,28
09/02/2005,04 16 21 23 24 26 35,01
09/09/2005,09 10 12 15 26 38 42,40
09/16/2005,07 13 16 27 29 30 35,17
09/23/2005,07 10 12 23 36 38 39,24
09/30/2005,21 28 29 34 35 36 44,30
10/07/2005,21 23 25 26 39 41 45,04
10/14/2005,08 10 18 19 26 35 42,13
10/21/2005,10 15 25 30 33 40 44,20
10/28/2005,02 21 23 27 29 33 41,28
11/04/2005,02 17 26 34 35 38 43,27
11/11/2005,05 07 09 14 17 40 43,21
11/18/2005,09 10 23 24 26 29 38,39
11/25/2005,10 11 17 27 33 34 43,23
12/02/2005,09 11 18 23 36 37 47,30
12/09/2005,17 29 32 35 40 41 44,28
12/16/2005,04 06 07 22 23 39 42,05
12/23/2005,05 17 18 19 26 28 43,23
12/30/2005,02 12 30 36 44 45 47,34
01/06/2006,06 07 15 27 34 36 46,39
01/13/2006,02 05 07 35 43 44 45,28
01/20/2006,02 04 09 15 25 38 45,43
01/27/2006,09 27 30 33 35 36 45,17
02/03/2006,01 11 20 31 37 43 45,04
02/10/2006,12 17 25 32 36 38 45,05
02/17/2006,18 19 24 26 37 39 46,29
02/24/2006,03 08 17 26 37 40 43,34
03/03/2006,16 22 23 26 40 42 46,10
03/10/2006,09 12 13 31 39 44 45,18
03/17/2006,02 08 22 27 30 45 47,26
03/24/2006,12 26 29 30 35 37 45,18
03/31/2006,01 03 10 12 28 31 32,17
04/07/2006,01 07 10 21 31 37 44,18
04/14/2006,03 08 16 28 36 38 42,23
04/21/2006,04 06 12 15 35 38 45,47
04/28/2006,02 15 22 25 31 34 36,17
05/05/2006,07 23 24 25 30 38 42,29
05/12/2006,01 04 08 20 28 29 34,11
05/19/2006,03 11 23 25 26 37 47,14
05/26/2006,07 25 27 29 34 35 42,08
06/02/2006,06 07 09 10 27 28 43,13
06/09/2006,01 05 08 12 36 40 46,47
06/16/2006,21 26 32 42 43 44 47,24
06/23/2006,02 15 21 24 41 43 44,13
06/30/2006,01 29 35 40 41 45 46,32
07/07/2006,08 09 20 27 32 40 46,41
07/14/2006,12 21 23 29 30 35 41,09
07/21/2006,10 11 15 26 28 31 39,34
07/28/2006,03 11 12 20 27 33 37,22
08/04/2006,03 13 38 40 41 43 44,24
08/11/2006,07 18 24 27 29 35 40,15
08/18/2006,07 08 21 23 27 28 37,46
08/25/2006,02 16 23 29 33 34 39,05
09/01/2006,14 24 28 29 32 42 45,41
09/08/2006,05 15 16 19 41 44 45,03
09/15/2006,09 11 30 37 39 41 43,33
09/22/2006,04 14 24 31 33 38 45,12
09/29/2006,03 07 11 12 35 40 46,23
10/06/2006,10 16 23 24 27 33 46,25
10/13/2006,09 15 33 34 38 41 44,36
10/20/2006,03 05 13 19 26 35 41,25
10/27/2006,08 21 29 35 38 41 46,04
11/03/2006,01 07 14 16 20 45 47,42
11/10/2006,06 10 24 25 29 38 41,01
11/17/2006,03 23 26 27 38 39 40,37
11/24/2006,16 28 38 39 43 45 47,44
12/01/2006,18 22 23 29 36 38 47,20
12/08/2006,04 14 18 30 31 34 46,28
12/15/2006,01 03 06 10 14 28 35,40
12/22/2006,03 06 13 31 38 40 45,37
12/29/2006,01 06 26 27 32 38 47,20
01/05/2007,02 09 10 16 19 25 31,35
01/12/2007,13 17 22 24 34 38 42,27
01/19/2007,05 18 23 29 31 38 42,43
01/26/2007,04 07 26 28 29 31 39,34
02/02/2007,02 04 06 07 08 10 45,36
02/09/2007,13 19 25 29 38 43 45,31
02/16/2007,01 05 07 25 29 31 35,26
02/23/2007,05 20 31 35 36 40 47,30
03/02/2007,03 14 20 24 27 32 38,46
03/09/2007,07 19 22 29 36 42 44,01
03/16/2007,05 06 09 25 32 36 39,23
03/23/2007,15 26 27 30 31 39 45,02
03/30/2007,08 11 15 35 39 40 41,05
04/06/2007,06 19 34 41 43 44 45,36
04/13/2007,09 12 22 30 31 38 43,21
04/20/2007,02 03 06 25 29 42 47,32
04/27/2007,02 04 10 35 38 39 46,30
05/04/2007,04 06 09 27 36 45 47,23
05/11/2007,07 08 22 23 26 41 44,27
05/18/2007,01 07 14 23 32 33 34,27
05/25/2007,08 10 11 23 25 30 47,02
06/01/2007,01 04 12 15 32 36 44,46
06/08/2007,03 09 15 24 27 35 44,26
06/15/2007,05 06 11 12 20 31 39,03
06/22/2007,07 15 17 22 27 35 39,25
06/29/2007,23 24 25 39 40 42 46,05
07/06/2007,01 05 11 20 28 40 44,17
07/13/2007,09 11 20 26 28 35 39,27
07/20/2007,02 04 07 14 25 36 39,33
07/27/2007,07 10 18 28 34 39 43,35
08/03/2007,09 20 22 34 35 36 40,33
08/10/2007,17 25 26 27 30 34 35,32
08/17/2007,03 13 21 26 36 42 44,02
08/24/2007,01 11 13 17 18 34 38,14
08/31/2007,03 13 16 21 30 35 40,19
09/07/2007,16 17 20 29 30 32 44,34
09/14/2007,14 15 20 23 24 35 38,27
09/21/2007,04 12 15 16 23 29 37,20
09/28/2007,01 21 33 34 44 45 47,35
10/05/2007,05 20 21 23 32 40 42,30
10/12/2007,03 07 27 29 38 40 43,26
10/19/2007,05 11 12 23 24 42 45,08
10/26/2007,01 03 06 21 29 32 44,11
11/02/2007,03 05 08 17 18 19 25,24
11/09/2007,03 10 25 26 37 42 47,31
11/16/2007,01 05 16 18 22 39 47,14
11/23/2007,04 11 12 15 23 31 37,14
11/30/2007,05 14 27 30 31 32 44,19
12/07/2007,03 06 07 10 11 17 40,34
12/14/2007,02 04 11 16 18 40 42,32
12/21/2007,02 16 17 19 24 26 40,44
12/28/2007,06 07 23 25 26 31 46,19
01/04/2008,08 18 21 25 26 27 45,07
01/11/2008,05 06 16 36 37 44 46,30
01/18/2008,12 19 22 35 36 40 41,39
01/25/2008,04 09 10 17 26 32 33,27
02/01/2008,11 13 17 28 34 40 42,08
02/08/2008,09 14 19 31 35 41 46,27
02/15/2008,03 06 12 15 16 17 29,35
02/22/2008,10 12 14 15 28 31 45,40
02/29/2008,05 11 12 14 32 34 46,17
03/07/2008,01 07 09 10 11 27 44,25
03/14/2008,12 22 27 29 37 43 44,11
03/21/2008,07 10 17 26 31 32 39,35
03/28/2008,09 11 25 31 34 38 42,28
04/04/2008,08 15 25 27 31 37 43,19
04/11/2008,05 09 11 22 27 41 46,07
04/18/2008,02 09 10 12 18 43 47,03
04/25/2008,05 15 23 28 31 33 42,06
05/02/2008,04 11 20 25 32 40 43,23
05/09/2008,03 14 25 35 36 38 43,32
05/16/2008,10 14 15 34 40 43 45,28
05/23/2008,06 14 15 27 29 34 39,25
05/30/2008,16 24 30 32 34 37 40,05
06/06/2008,03 07 29 32 39 43 45,04
06/13/2008,01 10 15 24 26 33 42,34
06/20/2008,07 11 26 33 34 40 46,25
06/27/2008,07 08 12 17 22 31 47,35
07/04/2008,07 16 32 39 41 44 45,28
07/11/2008,10 17 22 26 28 46 47,03
07/18/2008,09 11 12 22 34 35 37,07
07/25/2008,04 05 28 29 32 39 40,08
08/01/2008,01 14 24 26 31 36 45,13
08/08/2008,08 10 16 24 37 41 43,07
08/15/2008,02 08 21 22 33 37 40,11
08/22/2008,01 18 26 27 38 41 42,04
08/29/2008,01 03 16 18 22 28 43,08
09/05/2008,02 06 09 19 20 32 42,07
09/12/2008,09 13 21 22 28 44 45,10
09/19/2008,08 10 12 14 25 30 39,07
09/26/2008,10 15 16 25 29 41 43,12
10/03/2008,03 07 09 16 35 41 44,46
10/10/2008,02 08 10 16 21 33 46,30
10/17/2008,13 14 15 25 36 38 44,24
10/24/2008,13 14 25 26 27 35 40,17
10/31/2008,07 10 13 14 23 39 41,16
11/07/2008,05 07 08 27 42 44 46,06
11/14/2008,06 10 18 28 33 35 43,17
11/21/2008,01 15 27 38 40 43 44,03
11/28/2008,06 09 16 17 27 29 38,12
12/05/2008,08 09 14 16 18 29 42,35
12/12/2008,01 13 23 27 34 36 37,39
12/19/2008,02 16 17 21 23 36 45,22
12/26/2008,04 25 30 31 33 34 37,11
01/02/2009,04 13 19 30 32 35 38,16
01/09/2009,08 12 24 26 31 37 41,02
01/16/2009,09 11 15 16 31 39 47,12
01/23/2009,03 04 17 22 28 34 37,21
01/30/2009,03 15 28 30 32 33 43,25
02/06/2009,01 02 08 20 33 35 42,15
02/13/2009,05 08 11 20 30 33 45,26
02/20/2009,12 15 18 31 33 40 42,01
02/27/2009,04 19 24 25 27 33 34,32
03/06/2009,05 12 16 20 25 39 45,43
03/13/2009,06 15 18 24 35 36 46,17
03/20/2009,10 23 28 29 31 32 46,03
03/27/2009,08 10 14 18 28 30 36,25
04/03/2009,02 10 11 22 33 38 45,41
04/10/2009,11 14 20 22 30 42 43,38
04/17/2009,05 19 21 33 35 36 44,28
04/24/2009,05 06 17 21 33 40 41,01
05/01/2009,01 04 09 14 22 26 34,03
05/08/2009,03 16 17 25 33 35 42,07
05/15/2009,03 04 07 16 19 26 45,35
05/22/2009,01 12 17 19 25 31 38,41
05/29/2009,12 23 24 28 29 30 44,22
06/05/2009,08 25 27 33 34 43 47,01
06/12/2009,12 13 15 18 27 30 40,43
06/19/2009,05 12 19 26 27 29 40,13
06/26/2009,01 11 12 24 26 27 28,22
07/03/2009,08 10 14 35 42 43 47,21
07/10/2009,17 25 30 31 33 44 46,47
07/17/2009,12 13 31 33 37 44 46,34
07/24/2009,01 05 18 27 29 30 34,39
07/31/2009,08 12 14 15 19 23 33,41
08/07/2009,01 10 22 26 28 40 42,14
08/14/2009,01 03 04 10 11 32 46,15
08/21/2009,05 18 22 28 32 34 40,42
08/28/2009,02 10 12 33 42 44 45,25
09/04/2009,04 05 09 10 20 33 36,03
09/11/2009,14 19 23 28 32 40 46,17
09/18/2009,05 08 10 13 22 36 47,38
09/25/2009,05 17 19 25 31 38 46,04
10/02/2009,08 27 28 29 31 32 35,11
10/09/2009,05 15 25 38 42 46 47,26
10/16/2009,04 10 18 20 31 35 44,29
10/23/2009,04 07 10 12 23 25 36,18
10/30/2009,06 09 10 14 17 18 19,46
11/06/2009,02 07 08 11 16 17 18,12
11/13/2009,08 18 27 28 38 41 48,36
11/20/2009,02 08 28 30 36 39 42,24
11/27/2009,11 15 24 26 37 38 43,17
12/04/2009,01 06 13 19 32 35 40,07
12/11/2009,01 04 05 07 22 29 48,13
12/18/2009,08 10 15 17 33 34 35,13
12/25/2009,08 09 12 13 29 30 31,47
01/01/2010,07 09 13 18 27 33 44,15
01/08/2010,08 17 21 23 24 28 39,31
01/15/2010,12 17 22 30 34 43 49,48
01/22/2010,17 26 30 32 34 39 41,49
01/29/2010,16 17 22 24 40 41 47,45
02/05/2010,10 19 25 29 39 41 42,21
02/12/2010,09 12 17 23 34 42 47,37
02/19/2010,04 23 27 32 35 43 47,24
02/26/2010,02 27 30 32 35 36 38,39
03/05/2010,05 08 18 22 32 39 45,19
03/12/2010,17 18 19 21 32 40 49,06
03/19/2010,01 03 06 34 37 42 45,27
03/26/2010,03 11 12 16 34 36 37,18
04/02/2010,04 09 12 15 28 29 43,17
04/09/2010,11 16 29 30 31 33 42,24
04/16/2010,06 07 17 20 32 44 49,46
04/23/2010,08 11 16 21 24 28 41,37
04/30/2010,01 03 04 05 16 32 33,41
05/07/2010,03 06 10 14 19 25 33,01
05/14/2010,07 17 19 23 31 36 41,01
05/21/2010,14 16 30 35 36 45 49,10
05/28/2010,11 18 23 24 27 28 39,01
06/04/2010,03 18 27 30 33 40 45,31
06/11/2010,02 07 12 25 29 32 35,26
06/18/2010,05 06 26 29 34 36 43,49
06/25/2010,05 22 28 31 39 46 48,04
07/02/2010,09 19 25 26 29 30 44,33
07/09/2010,09 10 19 24 28 30 31,46
07/16/2010,10 14 26 34 43 47 48,28
07/23/2010,17 19 26 29 34 35 38,47
07/30/2010,05 07 11 40 41 47 48,06
08/06/2010,01 05 06 32 36 38 44,29
08/13/2010,19 25 27 29 30 36 46,15
08/20/2010,04 05 07 08 18 30 35,39
08/27/2010,03 14 26 27 29 32 34,01
09/03/2010,12 17 27 28 31 36 48,37
09/10/2010,04 17 27 32 34 39 47,13
09/17/2010,02 05 06 43 46 47 48,39
09/24/2010,09 22 25 30 31 39 42,19
10/01/2010,10 12 13 25 28 29 41,39
10/08/2010,03 04 05 08 13 22 33,32
10/15/2010,03 14 17 25 30 33 39,07
10/22/2010,12 15 19 20 28 29 39,14
10/29/2010,02 06 21 26 28 33 47,11
11/05/2010,07 10 24 30 35 36 39,03
11/12/2010,13 15 17 18 19 47 49,38
11/19/2010,04 13 25 29 36 40 48,24
11/26/2010,12 21 23 27 28 29 37,09
12/03/2010,01 10 13 26 43 46 49,31
12/10/2010,07 09 12 20 28 38 44,10
12/17/2010,01 16 28 29 33 37 47,24
12/24/2010,08 23 25 26 33 41 43,21
12/31/2010,02 07 10 22 32 34 38,01
01/07/2011,02 10 13 15 23 28 49,40
01/14/2011,02 06 10 12 24 30 37,03
01/21/2011,02 18 19 29 42 47 49,17
01/28/2011,07 10 14 20 21 23 31,41
02/04/2011,01 03 13 18 19 39 48,40
02/11/2011,04 06 13 19 26 29 47,43
02/18/2011,03 07 12 16 20 42 48,31
02/25/2011,03 14 19 30 32 39 46,08
03/04/2011,03 18 27 29 32 33 35,47
03/11/2011,02 03 04 20 22 40 43,09
03/18/2011,02 05 10 21 25 35 49,40
03/25/2011,01 04 22 25 26 36 46,05
04/01/2011,05 06 11 12 24 26 34,49
04/08/2011,13 18 25 41 44 48 49,01
04/15/2011,03 12 14 15 25 32 49,37
04/22/2011,07 19 34 35 38 42 46,11
04/29/2011,01 13 20 24 39 45 47,25
05/06/2011,06 19 24 25 26 35 36,23
05/13/2011,07 08 14 32 38 42 44,30
05/20/2011,07 12 14 18 30 45 47,20
05/27/2011,05 09 19 20 21 28 30,36
06/03/2011,08 21 28 32 33 34 48,38
06/10/2011,08 11 12 25 28 30 33,16
06/17/2011,02 07 14 16 22 27 47,25
06/24/2011,02 09 10 15 29 44 48,22
07/01/2011,15 18 20 28 29 40 47,38
07/08/2011,17 22 28 38 41 43 45,05
07/15/2011,03 07 08 12 18 24 41,01
07/22/2011,04 13 23 28 32 40 42,12
07/29/2011,01 02 03 17 24 35 36,30
08/05/2011,11 17 18 20 22 29 45,27
08/12/2011,04 15 21 30 33 35 47,28
08/19/2011,04 14 24 41 43 46 49,01
08/26/2011,06 11 12 14 35 43 44,42
09/02/2011,02 03 08 13 18 20 23,10
09/09/2011,06 08 15 20 30 32 42,17
09/16/2011,12 18 22 24 28 43 49,21
09/23/2011,08 16 24 27 30 38 40,18
09/30/2011,05 06 07 12 14 18 25,38
10/07/2011,12 13 24 25 26 41 43,07
10/14/2011,01 03 07 19 31 39 49,17
10/21/2011,06 23 27 30 34 38 45,21
10/28/2011,02 04 18 20 29 38 41,09
11/04/2011,05 08 13 15 27 28 37,39
11/11/2011,05 07 09 25 31 37 39,22
11/18/2011,08 17 27 28 39 44 49,24
11/25/2011,08 10 15 24 30 35 49,23
12/02/2011,23 29 33 34 39 44 48,32
12/09/2011,03 11 18 19 23 27 44,46
12/16/2011,11 24 26 31 42 44 46,22
12/23/2011,03 04 09 25 26 37 39,45
12/30/2011,02 13 22 28 35 41 42,04
01/06/2012,01 02 08 13 22 45 46,48
01/13/2012,06 15 18 26 41 46 48,27
01/20/2012,09 15 21 23 41 43 44,46
01/27/2012,08 24 28 34 37 43 45,21
02/03/2012,02 08 12 14 33 37 47,46
02/10/2012,01 05 25 35 38 44 47,39
02/17/2012,01 15 26 28 31 39 49,18
02/24/2012,06 17 23 24 25 31 38,07
03/02/2012,04 13 14 15 34 46 47,49
03/09/2012,07 18 19 29 39 47 48,32
03/16/2012,05 07 18 24 28 41 49,26
03/23/2012,06 18 21 23 24 32 48,47
03/30/2012,03 11 12 19 35 45 47,13
04/06/2012,15 18 19 25 32 42 49,43
04/13/2012,02 06 11 12 16 39 45,03
04/20/2012,14 15 16 19 30 36 46,42
04/27/2012,03 23 28 40 42 43 45,17
05/04/2012,03 05 06 25 37 43 45,21
05/11/2012,01 06 07 24 31 36 39,26
05/18/2012,03 04 13 15 21 29 48,26
05/25/2012,01 02 03 06 12 20 41,10
06/01/2012,04 07 13 24 26 27 43,41
06/08/2012,09 10 16 24 26 44 48,27
06/15/2012,08 11 20 28 36 43 47,18
06/22/2012,01 12 20 22 30 34 38,33
06/29/2012,10 14 20 28 35 40 42,44
07/06/2012,14 26 31 34 37 45 48,38
07/13/2012,03 13 14 23 33 36 45,07
07/20/2012,04 07 29 35 39 43 44,46
07/27/2012,02 20 25 26 46 47 48,44
08/03/2012,01 02 18 26 27 39 42,33
08/10/2012,02 15 18 19 22 27 49,40
08/17/2012,18 19 22 27 29 36 47,25
08/24/2012,02 03 05 22 23 32 33,08
08/31/2012,05 12 13 28 33 37 43,44
09/07/2012,11 14 18 20 37 41 46,08
09/14/2012,02 27 30 31 37 46 47,21
09/21/2012,07 08 10 11 19 34 45,44
09/28/2012,05 06 32 33 39 42 47,09
10/05/2012,01 12 23 27 30 31 37,33
10/12/2012,05 07 12 15 35 45 47,40
10/19/2012,01 02 03 15 22 37 41,06
10/26/2012,03 04 20 25 30 35 48,23
11/02/2012,01 02 05 26 29 36 47,13
11/09/2012,08 09 11 22 24 42 46,13
11/16/2012,01 05 09 19 27 35 48,30
11/23/2012,06 08 10 17 28 29 38,34
11/30/2012,03 10 13 23 31 41 45,33
12/07/2012,05 11 22 29 38 42 49,33
12/14/2012,03 06 10 33 39 48 49,18
12/21/2012,07 08 17 18 20 40 41,33
12/28/2012,01 09 25 28 32 41 48,12
01/04/2013,03 06 16 23 27 28 34,22
01/11/2013,02 25 26 37 39 48 49,40
01/18/2013,08 16 17 28 32 34 47,19
01/25/2013,01 18 19 29 31 32 46,36
02/01/2013,05 09 10 32 37 44 46,38
02/08/2013,03 08 13 30 38 45 47,10
02/15/2013,14 23 24 25 28 41 45,37
02/22/2013,05 12 24 31 39 45 49,35
03/01/2013,01 02 05 06 38 39 46,33
03/08/2013,09 15 17 28 35 39 41,36
03/15/2013,09 16 17 19 22 41 43,12
03/22/2013,07 12 16 19 21 24 47,34
03/29/2013,08 11 12 13 22 33 47,07
04/05/2013,02 14 15 17 24 38 40,31
04/12/2013,03 06 37 40 42 44 48,18
04/19/2013,02 03 08 20 28 31 34,42
04/26/2013,10 13 15 18 25 36 47,40
05/03/2013,04 06 21 26 30 34 35,39
05/10/2013,03 10 19 21 27 35 36,49
05/17/2013,08 18 21 27 33 46 49,26
05/24/2013,09 19 21 24 39 43 48,06
05/31/2013,05 07 10 15 22 45 47,23
06/07/2013,05 19 24 34 35 38 43,08
06/14/2013,02 12 15 18 21 22 25,05
06/21/2013,02 09 12 13 27 28 36,20
06/28/2013,02 07 15 38 43 44 47,01
07/05/2013,05 12 15 39 44 46 49,18
07/12/2013,14 16 17 36 45 46 48,07
07/19/2013,03 17 19 20 34 35 43,04
07/26/2013,05 09 12 18 24 35 42,17
08/02/2013,02 09 23 29 30 34 43,40
08/09/2013,06 15 19 26 43 44 49,30
08/16/2013,02 06 20 22 30 34 49,45
08/23/2013,05 06 10 17 22 36 48,03
08/30/2013,06 19 20 25 31 35 36,45
09/06/2013,01 07 23 36 37 39 41,33
09/13/2013,02 06 12 15 16 22 49,46
09/20/2013,02 14 15 24 40 43 44,45
09/27/2013,10 11 18 24 26 42 47,45
10/04/2013,12 16 19 20 28 34 42,09
10/11/2013,07 08 09 16 21 28 48,29
10/18/2013,10 26 28 33 34 35 40,12
10/25/2013,13 16 24 29 33 40 49,28
11/01/2013,11 12 16 22 30 32 49,35
11/08/2013,07 08 10 15 24 26 41,12
11/15/2013,01 03 10 15 25 28 31,07
11/22/2013,02 24 35 38 39 41 48,20
11/29/2013,03 06 19 31 34 42 45,30
12/06/2013,03 04 11 18 37 42 44,47
12/13/2013,06 16 24 32 36 45 47,25
12/20/2013,02 13 18 24 27 37 43,14
12/27/2013,01 06 09 11 17 37 39,32
01/03/2014,07 16 31 35 39 44 48,42
01/10/2014,12 28 31 38 40 41 45,15
01/17/2014,04 09 18 32 35 38 40,12
01/24/2014,07 10 15 23 30 36 44,45
01/31/2014,06 10 16 27 38 40 45,39
02/07/2014,13 19 37 38 40 43 48,46
02/14/2014,06 08 11 16 17 19 24,29
02/21/2014,01 10 16 23 29 35 39,46
02/28/2014,04 07 20 22 26 28 29,47
03/07/2014,01 06 07 16 22 31 33,25
03/14/2014,03 04 05 07 31 33 40,49
03/21/2014,01 02 04 21 23 35 40,05
03/28/2014,08 15 16 21 31 37 39,20
04/04/2014,19 30 33 34 36 41 48,11
04/11/2014,01 03 14 33 35 39 45,28
04/18/2014,09 16 24 30 39 40 45,14
04/25/2014,03 09 24 25 28 36 40,48
05/02/2014,06 15 18 19 25 44 46,28
05/09/2014,05 07 29 35 39 41 49,14
05/16/2014,12 13 16 30 32 35 37,07
05/23/2014,03 11 16 24 31 39 43,02
05/30/2014,02 05 10 11 23 25 31,46
06/06/2014,03 05 17 30 36 47 49,31
06/13/2014,12 16 24 29 36 40 47,44
06/20/2014,12 17 32 36 43 44 49,04
06/27/2014,04 06 07 16 18 40 46,34
07/04/2014,05 10 11 20 26 38 46,44
07/11/2014,01 06 10 16 18 21 31,05
07/18/2014,01 03 16 33 34 40 42,02
07/25/2014,07 09 24 30 35 42 43,36
08/01/2014,01 02 05 10 11 25 34,36
08/08/2014,06 09 16 19 20 24 30,31
08/15/2014,09 16 17 27 32 38 47,37
08/22/2014,13 16 22 26 35 36 39,44
08/29/2014,01 23 26 33 35 38 42,18
09/05/2014,03 08 11 20 28 36 38,26
09/12/2014,05 06 08 13 24 37 46,30
09/19/2014,04 07 08 10 16 20 36,27
09/26/2014,02 03 05 18 37 38 46,33
10/03/2014,07 15 24 25 27 43 47,22
10/10/2014,05 13 18 28 31 38 44,46
10/17/2014,18 19 32 36 38 40 43,01
10/24/2014,08 27 30 32 34 35 42,17
10/31/2014,03 12 25 30 42 44 45,26
11/07/2014,01 03 06 08 14 20 30,28
11/14/2014,02 05 07 13 15 30 38,27
11/21/2014,06 18 19 26 37 39 47,21
11/28/2014,03 04 07 12 17 26 34,01
12/05/2014,10 14 15 16 42 45 48,49
12/12/2014,02 14 30 34 38 47 48,16
12/19/2014,03 06 13 17 22 25 43,47
12/26/2014,15 20 29 39 40 43 46,12
01/02/2015,08 09 14 19 28 31 46,48
01/09/2015,03 07 12 18 31 33 35,26
01/16/2015,06 29 30 31 36 42 45,32
01/23/2015,01 14 15 18 26 42 48,39
01/30/2015,10 15 21 28 32 36 37,09
02/06/2015,01 05 07 13 14 33 46,47
02/13/2015,06 09 18 22 25 32 44,46
02/20/2015,26 34 38 41 46 48 49,10
02/27/2015,04 12 16 27 37 39 44,32
03/06/2015,02 08 09 10 24 26 41,37
03/13/2015,02 08 10 15 17 20 24,14
03/20/2015,07 10 16 35 36 42 45,24
03/27/2015,03 07 15 23 29 31 45,46
04/03/2015,10 11 23 28 32 34 41,29
04/10/2015,07 08 16 18 24 25 46,37
04/17/2015,07 11 14 15 19 30 41,22
04/24/2015,03 37 38 40 42 43 46,12
05/01/2015,06 18 20 37 40 44 46,49
05/08/2015,01 07 17 27 32 44 48,18
05/15/2015,16 23 24 25 40 46 47,17
05/22/2015,01 04 21 24 29 30 46,25
05/29/2015,01 30 38 39 44 45 47,43
06/05/2015,02 10 13 16 30 33 48,44
06/12/2015,04 07 11 19 34 38 48,45
06/19/2015,07 14 15 16 21 30 41,17
06/26/2015,02 04 16 23 30 32 46,38
07/03/2015,01 06 30 40 46 47 49,37
07/10/2015,12 14 23 25 31 38 40,36
07/17/2015,23 24 29 36 42 43 49,38
07/24/2015,02 04 11 19 28 29 38,42
07/31/2015,02 05 27 32 35 42 46,48
08/07/2015,05 13 20 37 39 40 41,28
08/14/2015,01 15 17 25 34 40 41,38
08/21/2015,03 13 15 22 33 41 49,11
08/28/2015,02 04 05 17 29 39 41,48
09/04/2015,07 08 15 19 36 37 41,43
09/11/2015,21 22 27 30 39 42 44,08
09/18/2015,13 16 17 21 35 40 46,18
09/25/2015,01 07 15 18 21 30 45,22
10/02/2015,10 12 24 26 34 43 47,38
10/09/2015,08 11 14 23 26 42 47,01
10/16/2015,09 14 19 21 31 32 40,16
10/23/2015,02 07 12 28 29 38 48,27
10/30/2015,02 11 19 38 43 45 49,09
11/06/2015,01 10 12 20 29 35 47,04
11/13/2015,07 11 19 38 40 41 42,49
11/20/2015,12 21 28 34 36 45 48,26
11/27/2015,04 08 09 20 23 45 46,31
12/04/2015,08 15 24 25 27 36 43,32
12/11/2015,07 12 28 34 45 46 48,49
12/18/2015,06 20 28 29 30 31 46,45
12/25/2015,05 08 09 12 22 39 45,38
01/01/2016,06 10 13 14 25 41 46,08
01/08/2016,13 15 21 24 25 36 48,10
01/15/2016,07 26 27 31 32 33 42,45
01/22/2016,20 21 22 34 42 43 45,01
01/29/2016,05 11 14 17 28 41 47,46
02/05/2016,06 07 08 09 17 23 30,18
02/12/2016,19 20 26 31 34 39 48,18
02/19/2016,02 11 20 22 33 40 43,04
03/04/2016,04 14 24 41 42 44 48,26
03/11/2016,09 17 27 30 31 34 42,21
03/18/2016,06 08 15 24 26 39 44,40
03/25/2016,01 06 15 32 42 45 46,44
04/01/2016,05 06 27 28 31 41 45,12
04/08/2016,09 12 13 14 28 39 41,38
04/15/2016,01 09 17 19 25 27 38,44
04/22/2016,13 16 20 35 37 43 49,06
04/29/2016,11 21 22 24 26 36 43,10
05/06/2016,01 08 10 24 26 37 45,47
05/13/2016,03 06 08 17 21 28 34,02
05/20/2016,16 17 19 22 31 47 49,01
05/27/2016,01 14 16 20 26 32 34,18
06/03/2016,12 21 28 37 40 43 47,11
06/10/2016,05 11 15 26 27 33 39,46
06/17/2016,01 16 20 29 33 44 46,15
06/24/2016,02 17 22 24 26 42 48,06
07/01/2016,10 12 14 28 36 39 45,26
07/08/2016,01 08 16 25 30 42 48,28
07/15/2016,19 30 31 36 40 44 49,06
07/22/2016,09 26 28 32 37 40 45,46
07/29/2016,11 15 25 26 39 47 49,30
08/05/2016,04 06 10 20 40 46 47,39
08/12/2016,05 07 15 18 19 27 28,25
08/19/2016,19 22 25 32 37 45 47,40
08/26/2016,03 10 17 19 26 27 42,46
09/02/2016,01 12 15 22 25 45 48,16 
09/09/2016,04 10 11 27 29 32 41,42 
09/16/2016,07 12 14 15 27 34 44,06
09/23/2016,03 13 24 36 39 44 45,19 
09/30/2016,04 12 17 21 32 38 42,46 
10/07/2016,08 09 12 24 29 36 37,17
10/14/2016,33 34 36 42 44 45 47,44 
10/21/2016,33 34 36 42 44 45 47,14
10/28/2016,03 05 19 29 33 34 44,41
11/04/2016,04 23 29 36 39 44 46,24
11/11/2016,08 14 18 20 24 39 46,23 
11/18/2016,07 10 21 24 38 40 04,09
11/25/2016,02 11 20 22 31 35 47,39 
12/02/2016,05 08 20 21 29 40 47,07
12/09/2016,11 17 24 26 34 35 39,16 
12/16/2016,02 09 27 32 38 39 43,45 
12/23/2016,01 05 11 26 28 30 41,49 
12/30/2016,05 10 14 19 31 33 47,27
01/06/2017,10 13 18 19 38 47 48,42 
01/13/2017,02 08 24 30 31 38 40,42
01/20/2017,04 10 21 28 29 37 45,20 
01/27/2017,01 03 08 22 29 38 47,11
02/03/2017,08 19 24 28 34 42 48,17
02/10/2017,11 16 19 22 24 38 41,48
02/17/2017,05 09 14 24 33 37 46,38 
02/24/2017,01 17 19 23 28 29 47,10
03/03/2017,03 07 20 25 29 31 44,27 
03/10/2017,01 11 15 20 36 41 47,33
03/17/2017,02 05 06 07 08 33 45,15
03/24/2017,16 19 21 32 37 39 45,26
03/31/2017,01 02 12 15 22 25 41,34
04/07/2017,08 12 14 34 37 44 48,45
04/14/2017,23 25 29 30 42 44 45,20 
04/21/2017,03 04 13 16 35 47 49,37
04/28/2017,10 14 22 36 38 44 45,11 
05/05/2017,11 14 20 22 26 35 43,33 
05/12/2017,11 25 26 28 38 44 45,20 
05/19/2017,08 11 18 25 34 35 38,44 
05/26/2017,14 16 18 21 38 44 49,15
06/02/2017,11 12 25 28 33 41 43,36
06/09/2017,07 11 20 21 22 37 47,38
06/16/2017,01 05 20 33 34 41 42,15
06/23/2017,02 03 06 22 24 42 46,27