10/01/1997,24 25 27 29 32 39,14
10/04/1997,04 21 41 42 46 48,39
10/08/1997,18 26 30 31 32 36,42
10/11/1997,02 05 08 11 20 44,43
10/15/1997,05 07 32 40 42 46,28
10/18/1997,14 18 19 23 24 39,27
10/22/1997,08 27 35 37 38 44,22
10/25/1997,12 21 41 42 44 47,17
10/29/1997,11 14 26 31 32 37,19
11/01/1997,01 03 11 20 29 36,39
11/05/1997,17 19 23 33 35 47,34
11/08/1997,04 05 09 23 24 48,06
11/12/1997,07 10 12 20 29 41,44
11/15/1997,01 02 13 18 34 47,12
11/19/1997,20 23 26 28 30 35,02
11/22/1997,21 34 35 41 43 44,05
11/26/1997,11 16 34 36 37 40,06
11/29/1997,02 03 06 20 30 37,34
12/03/1997,12 14 21 31 38 41,42
12/06/1997,12 20 21 28 31 44,33
12/10/1997,05 16 24 28 33 34,35
12/13/1997,02 17 22 35 45 47,28
12/17/1997,05 10 20 29 33 36,19
12/20/1997,01 10 12 22 25 35,17
12/24/1997,05 19 22 30 40 47,41
12/27/1997,09 14 23 26 40 42,47
12/31/1997,06 13 27 40 43 48,42
01/03/1998,08 10 12 30 36 47,01
01/07/1998,13 16 17 26 28 42,05
01/10/1998,20 28 29 40 45 49,07
01/14/1998,04 20 22 23 37 40,36
01/17/1998,31 33 39 41 43 49,10
01/21/1998,04 08 20 23 27 38,19
01/24/1998,02 11 19 36 44 46,05
01/28/1998,12 26 28 30 33 34,19
01/31/1998,04 16 30 33 46 49,01
02/04/1998,04 08 15 17 26 46,27
02/07/1998,05 11 19 20 26 40,31
02/11/1998,17 25 28 29 32 41,09
02/14/1998,09 15 16 38 39 42,22
02/18/1998,06 14 27 29 30 32,03
02/21/1998,05 13 28 41 42 47,36
02/25/1998,03 09 18 24 40 41,30
02/28/1998,04 14 29 30 39 42,21
03/04/1998,02 06 08 13 40 46,27
03/07/1998,03 12 13 33 37 45,25
03/11/1998,05 16 20 22 33 42,04
03/14/1998,07 15 19 31 35 45,33
03/18/1998,01 05 14 27 28 38,44
03/21/1998,11 24 25 34 35 42,21
03/25/1998,05 11 13 15 29 33,06
03/28/1998,13 35 37 39 44 49,25
04/01/1998,02 16 17 21 28 31,44
04/04/1998,03 15 16 30 35 46,04
04/08/1998,05 09 17 18 43 44,21
04/11/1998,06 16 17 20 31 45,13
04/15/1998,04 11 12 23 43 45,26
04/18/1998,10 14 16 35 42 49,20
04/22/1998,10 17 33 35 40 46,32
04/25/1998,08 13 21 28 33 46,02
04/29/1998,11 17 25 26 38 40,28
05/02/1998,07 18 19 24 33 49,38
05/06/1998,01 12 13 17 41 46,25
05/09/1998,05 10 12 17 24 35,48
05/13/1998,06 11 18 32 35 38,30
05/16/1998,10 11 12 19 26 30,28
05/20/1998,07 23 24 45 47 49,03
05/23/1998,10 17 31 35 44 47,32
05/27/1998,05 07 15 22 25 37,29
05/30/1998,03 07 33 34 38 42,32
06/03/1998,02 06 21 28 32 49,43
06/06/1998,22 26 33 36 40 47,35
06/10/1998,05 12 17 23 30 31,09
06/13/1998,02 20 34 45 48 49,24
06/17/1998,25 31 36 42 45 48,19
06/20/1998,02 12 15 22 32 39,49
06/24/1998,06 09 11 26 29 42,07
06/27/1998,08 15 22 25 28 40,48
07/01/1998,08 11 25 32 37 38,09
07/04/1998,12 14 17 27 36 42,49
07/08/1998,01 16 22 28 32 39,26
07/11/1998,21 26 29 31 36 48,42
07/15/1998,12 13 18 23 27 47,03
07/18/1998,13 17 25 42 45 46,43
07/22/1998,05 18 22 23 29 30,06
07/25/1998,01 02 23 25 27 28,12
07/29/1998,03 11 13 17 39 47,31
08/01/1998,08 09 18 22 33 49,47
08/05/1998,11 13 20 21 29 42,23
08/08/1998,05 34 43 44 47 49,40
08/12/1998,01 12 15 24 32 38,29
08/15/1998,05 09 12 36 42 48,01
08/19/1998,05 10 20 34 42 44,39
08/22/1998,16 18 36 41 44 49,25
08/26/1998,05 15 25 35 40 46,34
08/29/1998,21 38 40 47 48 49,02
09/02/1998,01 10 11 12 18 35,33
09/05/1998,08 12 22 27 42 43,04
09/09/1998,04 14 17 33 40 44,16
09/12/1998,12 27 32 35 40 44,05
09/16/1998,08 14 15 41 42 48,01
09/19/1998,10 21 23 45 46 49,38
09/23/1998,04 11 17 21 36 48,22
09/26/1998,05 06 09 16 29 42,26
09/30/1998,12 21 29 33 46 47,03
10/03/1998,05 17 18 38 40 46,11
10/07/1998,12 22 25 27 28 33,06
10/10/1998,16 29 32 34 40 48,22
10/14/1998,05 13 14 17 18 32,21
10/17/1998,01 08 18 29 42 44,13
10/21/1998,03 06 13 18 25 37,24
10/24/1998,14 23 24 25 29 49,01
10/28/1998,13 21 31 33 36 38,12
10/31/1998,05 11 12 13 43 44,48
11/04/1998,19 22 29 31 40 48,15
11/07/1998,12 16 27 31 38 49,44
11/11/1998,01 06 16 29 31 48,17
11/14/1998,08 09 12 14 29 45,27
11/18/1998,24 27 30 37 45 46,41
11/21/1998,08 12 26 27 32 40,44
11/25/1998,21 23 24 27 43 47,07
11/28/1998,02 03 11 15 42 46,01
12/02/1998,04 07 08 16 44 48,14
12/05/1998,09 14 36 41 42 47,38
12/09/1998,11 12 18 28 33 45,35
12/12/1998,01 03 05 06 11 16,34
12/16/1998,02 05 09 26 28 47,23
12/19/1998,01 07 08 13 34 42,26
12/23/1998,01 08 12 26 33 47,05
12/26/1998,12 21 37 42 43 45,18
12/30/1998,05 27 28 36 40 49,29
01/02/1999,01 16 30 38 40 47,04
01/06/1999,16 26 32 34 39 41,01
01/09/1999,04 09 14 17 24 45,25
01/13/1999,03 22 28 39 42 43,01
01/16/1999,06 10 15 31 32 37,44
01/20/1999,16 30 41 46 47 48,24
01/23/1999,05 13 14 21 37 42,23
01/27/1999,10 14 17 35 37 39,48
01/30/1999,06 13 31 39 43 46,01
02/03/1999,25 27 30 33 39 41,40
02/06/1999,03 18 25 26 27 31,42
02/10/1999,11 14 20 28 39 46,48
02/13/1999,06 16 22 31 37 48,40
02/17/1999,14 15 16 24 31 32,29
02/20/1999,06 07 16 18 34 38,05
02/24/1999,14 30 33 39 41 44,47
02/27/1999,27 31 34 38 48 49,08
03/03/1999,02 03 20 25 30 43,31
03/06/1999,04 09 16 41 45 48,15
03/10/1999,13 23 24 27 29 40,30
03/13/1999,01 12 14 29 30 42,21
03/17/1999,02 14 18 31 36 47,40
03/20/1999,07 24 35 41 46 47,32
03/24/1999,01 05 10 22 25 46,20
03/27/1999,04 07 25 30 36 47,39
03/31/1999,02 12 30 33 34 44,48
04/03/1999,07 12 17 23 25 31,03
04/07/1999,10 28 32 33 41 46,38
04/10/1999,01 09 20 24 42 46,33
04/14/1999,02 04 10 12 21 42,48
04/17/1999,18 23 39 41 47 48,22
04/21/1999,08 10 26 31 32 44,24
04/24/1999,03 16 22 31 43 48,35
04/28/1999,05 18 23 25 36 37,49
05/01/1999,03 07 08 17 21 30,04
05/05/1999,02 05 07 08 14 34,33
05/08/1999,02 18 24 27 32 38,23
05/12/1999,04 07 31 35 41 44,34
05/15/1999,02 11 27 28 29 49,17
05/19/1999,01 16 18 43 48 49,21
05/22/1999,03 16 34 40 41 48,07
05/26/1999,04 06 21 24 27 41,11
05/29/1999,10 15 30 34 35 48,40
06/02/1999,12 39 40 44 45 48,32
06/05/1999,04 12 21 35 38 49,30
06/09/1999,08 14 25 27 30 44,21
06/12/1999,10 11 17 18 33 38,04
06/16/1999,02 07 22 25 38 44,14
06/19/1999,01 06 11 25 29 33,02
06/23/1999,08 11 18 22 37 40,47
06/26/1999,13 16 34 38 42 48,27
06/30/1999,09 16 19 37 39 45,11
07/03/1999,05 17 21 23 24 49,43
07/07/1999,01 13 14 18 27 42,24
07/10/1999,10 14 30 36 40 46,42
07/14/1999,21 24 28 29 32 41,19
07/17/1999,02 08 14 26 28 47,38
07/21/1999,11 17 19 20 39 48,10
07/24/1999,02 16 24 31 33 38,25
07/28/1999,09 24 31 33 35 45,14
07/31/1999,17 18 34 36 45 47,16
08/04/1999,14 24 40 41 45 46,36
08/07/1999,07 20 24 30 36 44,33
08/11/1999,06 19 27 28 31 37,17
08/14/1999,15 16 33 41 43 47,27
08/18/1999,11 13 18 38 42 45,40
08/21/1999,07 09 10 12 36 48,33
08/25/1999,03 04 34 39 40 41,33
08/28/1999,15 26 32 33 37 49,39
09/01/1999,04 16 17 23 24 28,29
09/04/1999,08 22 24 30 33 45,14
09/08/1999,04 15 17 37 39 47,26
09/11/1999,04 06 19 37 41 47,02
09/15/1999,10 13 26 27 42 43,05
09/18/1999,07 11 20 22 30 43,45
09/22/1999,06 13 14 19 21 49,17
09/25/1999,07 08 10 12 15 45,46
09/29/1999,05 23 24 26 35 41,13
10/02/1999,18 24 32 39 43 45,28
10/06/1999,01 10 22 31 34 46,45
10/09/1999,02 07 12 19 30 47,08
10/13/1999,14 17 19 36 43 48,25
10/16/1999,12 15 19 20 24 30,26
10/20/1999,13 25 33 35 39 46,14
10/23/1999,04 06 19 32 33 35,40
10/27/1999,02 12 13 19 35 43,16
10/30/1999,10 15 16 22 46 48,35
11/03/1999,02 04 16 22 44 46,49
11/06/1999,07 12 13 20 22 27,45
11/10/1999,11 16 17 19 24 29,03
11/13/1999,16 18 20 21 46 48,47
11/17/1999,04 05 06 35 40 47,33
11/20/1999,02 10 28 38 39 48,07
11/24/1999,09 11 13 27 38 42,26
11/27/1999,05 06 29 32 37 46,22
12/01/1999,05 11 13 22 26 35,03
12/04/1999,03 10 21 31 40 42,43
12/08/1999,09 11 21 24 46 49,25
12/11/1999,12 13 21 23 29 31,33
12/15/1999,01 14 24 30 41 45,27
12/18/1999,04 06 24 25 34 43,13
12/22/1999,01 03 12 23 30 41,24
12/25/1999,05 12 40 42 44 45,30
12/29/1999,04 08 15 16 31 40,47
01/01/2000,10 14 15 33 47 48,36
01/05/2000,01 09 24 25 31 36,45
01/08/2000,05 08 10 13 32 41,39
01/12/2000,11 16 17 29 33 36,23
01/15/2000,01 09 10 29 38 43,39
01/19/2000,03 08 15 22 27 30,41
01/22/2000,11 14 20 35 42 45,34
01/26/2000,01 02 09 14 17 25,28
01/29/2000,19 22 23 26 34 39,15
02/02/2000,06 16 18 21 25 29,07
02/05/2000,07 20 21 24 29 46,19
02/09/2000,04 05 14 27 28 31,26
02/12/2000,01 04 08 13 21 27,15
02/16/2000,03 07 17 22 29 33,06
02/19/2000,06 13 19 20 39 48,33
02/23/2000,01 08 11 29 33 36,07
02/26/2000,06 07 17 27 32 47,08
03/01/2000,02 06 18 20 28 48,10
03/04/2000,08 13 34 37 40 48,07
03/08/2000,03 28 32 40 46 47,34
03/11/2000,13 15 20 26 27 34,17
03/15/2000,02 22 23 34 45 47,14
03/18/2000,17 27 28 29 32 38,08
03/22/2000,10 20 31 34 36 47,32
03/25/2000,11 28 30 33 35 39,49
03/29/2000,10 11 12 33 38 42,25
04/01/2000,14 17 21 34 38 43,44
04/05/2000,05 17 22 31 40 42,01
04/08/2000,06 23 36 37 38 48,34
04/12/2000,16 21 25 41 43 45,12
04/15/2000,01 02 10 24 37 46,13
04/19/2000,03 07 23 25 29 42,21
04/22/2000,11 16 19 22 32 49,46
04/26/2000,28 38 41 42 45 46,34
04/29/2000,09 10 12 14 22 49,18
05/03/2000,01 02 10 26 36 39,11
05/06/2000,02 04 12 34 36 38,47
05/10/2000,08 09 18 21 40 48,26
05/13/2000,08 11 29 38 42 43,23
05/17/2000,10 23 25 38 44 47,41
05/20/2000,06 11 19 29 42 49,18
05/24/2000,08 19 28 32 36 45,24
05/27/2000,02 10 14 15 28 40,17
05/31/2000,06 12 34 41 46 47,28
06/03/2000,02 06 26 32 41 49,11
06/07/2000,04 14 22 23 40 48,49
06/10/2000,04 13 16 23 38 49,18
06/14/2000,09 11 14 16 26 42,47
06/17/2000,03 09 20 26 36 37,24
06/21/2000,12 20 27 32 38 39,31
06/24/2000,01 22 27 41 42 48,33
06/28/2000,12 22 27 35 36 48,04
07/01/2000,07 11 13 23 29 47,41
07/05/2000,02 12 18 27 28 43,21
07/08/2000,11 14 21 22 28 40,16
07/12/2000,10 28 31 34 35 39,37
07/15/2000,05 12 19 39 41 43,48
07/19/2000,08 12 16 17 42 49,46
07/22/2000,02 04 11 15 28 48,20
07/26/2000,15 32 38 41 42 46,17
07/29/2000,01 04 06 10 24 25,44
08/02/2000,09 11 22 39 42 47,05
08/05/2000,01 11 13 16 20 37,39
08/09/2000,08 11 14 28 29 41,26
08/12/2000,13 17 27 34 35 41,03
08/16/2000,04 13 24 29 30 49,31
08/19/2000,01 06 08 27 31 45,48
08/23/2000,12 17 18 24 31 35,10
08/26/2000,02 09 14 24 27 44,40
08/30/2000,04 14 21 27 41 48,01
09/02/2000,01 26 27 33 42 47,21
09/06/2000,13 28 32 33 42 45,24
09/09/2000,03 12 15 19 29 43,32
09/13/2000,03 06 07 12 21 43,40
09/16/2000,07 10 17 32 33 34,45
09/20/2000,03 20 34 38 42 49,31
09/23/2000,04 16 18 19 33 40,35
09/27/2000,01 09 11 26 29 46,31
09/30/2000,01 02 04 11 24 30,06
10/04/2000,06 11 21 31 40 48,04
10/07/2000,03 18 37 43 45 48,23
10/11/2000,01 02 08 25 37 44,39
10/14/2000,06 11 14 35 39 48,05
10/18/2000,03 04 14 26 27 30,47
10/21/2000,02 04 06 14 30 35,22
10/25/2000,06 09 15 18 25 45,30
10/28/2000,09 15 27 28 33 39,02
11/01/2000,05 08 34 38 39 48,12
11/04/2000,02 17 18 20 33 37,34
11/08/2000,11 20 29 30 43 44,15
11/11/2000,06 11 20 29 33 49,01
11/15/2000,01 14 17 23 44 48,09
11/18/2000,01 11 26 28 40 42,05
11/22/2000,05 14 22 23 30 34,13
11/25/2000,13 28 30 37 38 47,18
11/29/2000,01 06 07 31 37 39,15
12/02/2000,20 26 36 40 43 47,48
12/06/2000,05 08 10 13 26 44,33
12/09/2000,12 17 30 31 33 43,13
12/13/2000,10 13 16 35 42 46,17
12/16/2000,17 18 23 25 30 35,29
12/20/2000,05 17 28 36 46 49,43
12/23/2000,01 14 15 20 33 42,41
12/27/2000,11 19 21 33 34 40,01
12/30/2000,09 18 22 37 45 47,40
01/03/2001,02 23 29 39 48 49,38
01/06/2001,15 24 36 43 45 48,11
01/10/2001,10 11 26 38 45 48,49
01/13/2001,02 04 18 25 26 47,13
01/17/2001,12 27 42 45 46 49,05
01/20/2001,11 22 39 40 42 46,48
01/24/2001,12 22 32 43 45 46,14
01/27/2001,08 11 14 18 21 37,20
01/31/2001,01 09 15 18 21 40,32
02/03/2001,01 02 07 25 27 36,30
02/07/2001,05 10 16 33 36 42,09
02/10/2001,10 12 14 26 34 49,22
02/14/2001,20 25 32 38 46 49,12
02/17/2001,02 17 18 23 30 47,39
02/21/2001,02 05 11 12 20 33,48
02/24/2001,01 17 22 27 38 39,20
02/28/2001,10 18 25 31 34 45,22
03/03/2001,06 19 24 36 42 43,29
03/07/2001,26 31 41 42 45 48,05
03/10/2001,01 04 12 17 33 43,41
03/14/2001,04 09 16 17 22 29,02
03/17/2001,13 17 26 35 44 45,18
03/21/2001,04 14 17 20 27 30,25
03/24/2001,13 16 33 35 47 48,02
03/28/2001,02 07 18 22 24 41,14
03/31/2001,07 09 28 37 43 49,01
04/04/2001,08 23 26 29 36 49,01
04/07/2001,18 26 28 35 41 46,08
04/11/2001,03 09 10 11 25 45,41
04/14/2001,15 32 34 35 48 49,21
04/18/2001,06 11 15 37 41 48,27
04/21/2001,24 26 34 37 43 49,18
04/25/2001,12 17 26 27 35 48,01
04/28/2001,19 21 28 32 37 38,10
05/02/2001,06 22 29 33 39 46,41
05/05/2001,08 19 23 27 33 38,43
05/09/2001,03 14 33 36 45 46,39
05/12/2001,12 17 25 30 36 37,20
05/16/2001,06 14 27 30 33 49,46
05/19/2001,10 11 13 19 27 45,40
05/23/2001,01 02 07 23 30 39,28
05/26/2001,05 28 31 32 38 49,20
05/30/2001,05 08 18 39 40 43,49
06/02/2001,13 16 17 27 48 49,26
06/06/2001,02 19 21 39 43 48,17
06/09/2001,07 14 16 26 28 31,19
06/13/2001,03 15 27 30 39 49,16
06/16/2001,01 13 18 20 31 40,07
06/20/2001,08 12 25 28 34 41,45
06/23/2001,07 26 34 35 39 41,14
06/27/2001,08 13 17 22 25 29,36
06/30/2001,01 02 04 08 09 38,13
07/04/2001,02 16 20 23 35 38,07
07/07/2001,30 32 36 39 41 42,01
07/11/2001,25 28 30 32 34 48,03
07/14/2001,04 12 22 28 37 39,01
07/18/2001,02 14 22 24 29 48,42
07/21/2001,09 10 20 22 33 40,35
07/25/2001,09 32 33 39 46 49,34
07/28/2001,01 13 21 28 29 38,30
08/01/2001,02 04 39 41 42 48,23
08/04/2001,05 08 32 33 38 42,25
08/08/2001,08 21 22 23 29 43,41
08/11/2001,02 12 22 26 48 49,15
08/15/2001,01 23 26 31 38 48,41
08/18/2001,03 04 06 18 28 37,41
08/22/2001,04 10 13 17 27 42,49
08/25/2001,04 15 28 39 41 46,02
08/29/2001,04 14 28 29 31 46,36
09/01/2001,07 11 12 22 34 43,16
09/05/2001,19 35 37 40 47 48,09
09/08/2001,02 14 25 35 45 48,18
09/12/2001,03 08 10 19 31 47,02
09/15/2001,01 03 08 10 17 43,04
09/19/2001,07 10 11 26 30 36,12
09/22/2001,16 20 27 33 40 49,44
09/26/2001,02 03 30 34 35 41,13
09/29/2001,08 17 23 25 27 44,32
10/03/2001,04 05 20 21 27 34,03
10/06/2001,08 15 16 29 38 45,10
10/10/2001,13 14 18 20 34 36,37
10/13/2001,11 20 21 40 41 47,05
10/17/2001,12 32 40 41 45 48,20
10/20/2001,24 27 29 35 38 45,41
10/24/2001,02 10 22 26 37 41,11
10/27/2001,12 15 16 23 40 46,01
10/31/2001,10 20 25 26 34 46,37
11/03/2001,07 40 42 43 47 48,26
11/07/2001,01 04 07 25 29 43,03
11/10/2001,04 10 35 36 41 47,25
11/14/2001,01 13 26 39 42 49,34
11/17/2001,02 03 05 09 16 18,44
11/21/2001,07 14 27 28 31 36,49
11/24/2001,03 15 17 24 38 46,48
11/28/2001,10 12 15 24 46 48,18
12/01/2001,01 03 07 08 27 37,33
12/05/2001,10 19 25 30 43 47,23
12/08/2001,02 12 13 35 39 45,19
12/12/2001,08 10 21 27 36 40,14
12/15/2001,06 12 18 29 34 35,31
12/19/2001,09 19 24 29 45 47,10
12/22/2001,13 15 20 31 43 46,30
12/26/2001,03 18 19 31 37 42,10
12/29/2001,08 10 13 30 34 41,31
01/02/2002,07 13 17 26 27 35,40
01/05/2002,17 18 22 34 40 48,14
01/09/2002,01 03 20 34 38 43,18
01/12/2002,04 12 19 37 42 47,28
01/16/2002,15 17 22 24 32 47,37
01/19/2002,18 20 22 25 41 47,45
01/23/2002,12 18 31 38 44 47,36
01/26/2002,02 12 40 43 46 48,23
01/30/2002,10 14 16 28 35 36,32
02/02/2002,15 28 31 40 47 49,46
02/06/2002,12 14 19 28 29 33,30
02/09/2002,08 17 22 29 32 48,27
02/13/2002,15 16 27 33 41 45,25
02/16/2002,02 15 18 22 29 45,47
02/20/2002,05 10 19 34 36 38,29
02/23/2002,09 18 19 22 29 40,15
02/27/2002,13 14 17 38 44 48,40
03/02/2002,02 08 16 22 25 47,26
03/06/2002,02 05 15 16 20 45,21
03/09/2002,17 23 28 30 42 46,10
03/13/2002,13 18 25 29 34 47,15
03/16/2002,15 23 29 30 38 48,10
03/20/2002,05 22 28 30 39 44,26
03/23/2002,05 20 37 39 43 48,44
03/27/2002,04 10 13 15 26 46,06
03/30/2002,01 05 13 19 26 37,23
04/03/2002,12 24 26 31 33 49,42
04/06/2002,16 17 22 32 34 49,42
04/10/2002,02 05 09 27 39 47,26
04/13/2002,08 11 18 29 34 49,35
04/17/2002,09 13 18 19 37 47,44
04/20/2002,13 14 17 25 33 49,11
04/24/2002,06 12 13 17 29 34,28
04/27/2002,05 16 18 23 25 29,09
05/01/2002,12 17 28 35 38 39,40
05/04/2002,01 06 08 44 45 48,23
05/08/2002,08 17 20 35 45 48,19
05/11/2002,18 20 23 27 34 48,14
05/15/2002,05 15 16 24 30 48,22
05/18/2002,04 11 24 25 33 49,37
05/22/2002,10 23 35 40 43 49,25
05/25/2002,22 24 27 38 48 49,44
05/29/2002,16 31 35 43 47 49,03
06/01/2002,04 05 06 16 18 23,14
06/05/2002,03 12 17 30 31 41,11
06/08/2002,13 17 45 46 47 49,35
06/12/2002,14 17 29 31 36 39,41
06/15/2002,16 28 33 38 44 47,37
06/19/2002,13 28 33 47 48 49,26
06/22/2002,23 25 26 40 43 45,13
06/26/2002,24 25 35 41 42 46,08
06/29/2002,08 17 19 23 39 45,13
07/03/2002,16 17 28 34 35 42,20
07/06/2002,03 15 17 30 33 47,22
07/10/2002,03 12 19 28 31 41,49
07/13/2002,05 14 21 23 28 30,24
07/17/2002,04 10 13 27 35 49,25
07/20/2002,01 02 08 31 34 43,36
07/24/2002,11 32 33 37 42 46,04
07/27/2002,09 14 17 32 43 44,06
07/31/2002,09 13 16 20 24 35,04
08/03/2002,16 21 35 39 45 46,19
08/07/2002,01 03 15 19 26 40,02
08/10/2002,03 06 07 10 11 46,09
08/14/2002,08 12 14 34 40 45,06
08/17/2002,17 20 31 32 41 49,11
08/21/2002,12 27 30 38 39 48,32
08/24/2002,11 13 23 35 38 49,47
08/28/2002,06 10 15 32 42 48,35
08/31/2002,16 19 26 29 35 36,14
09/04/2002,03 08 15 19 37 43,41
09/07/2002,08 15 24 26 29 33,44
09/11/2002,05 08 27 32 40 44,10
09/14/2002,02 06 10 24 29 35,40
09/18/2002,03 11 16 25 30 31,21
09/21/2002,10 16 23 26 32 42,29
09/25/2002,10 12 13 14 30 34,37
09/28/2002,27 30 32 42 43 44,19
10/02/2002,02 08 14 18 26 38,43
10/05/2002,03 05 07 17 31 38,33
10/09/2002,04 14 25 39 42 48,21
10/12/2002,02 03 10 21 37 44,19
10/16/2002,06 10 16 29 34 47,13
10/19/2002,06 15 23 24 31 48,43
10/23/2002,07 17 22 25 32 38,30
10/26/2002,01 10 14 21 43 46,16
10/30/2002,04 08 18 25 31 47,11
11/02/2002,01 05 09 27 33 44,08
11/06/2002,03 10 12 14 23 32,26
11/09/2002,01 12 24 29 30 44,48
11/13/2002,08 12 25 31 35 42,36
11/16/2002,06 07 09 24 44 45,36
11/20/2002,08 11 19 22 34 48,28
11/23/2002,02 05 27 33 38 41,14
11/27/2002,03 10 18 29 33 45,14
11/30/2002,06 11 26 29 37 49,12
12/04/2002,08 17 25 26 33 34,42
12/07/2002,02 06 11 12 19 39,37
12/11/2002,06 20 21 31 42 48,30
12/14/2002,05 11 14 29 31 47,46
12/18/2002,01 13 26 29 35 42,40
12/21/2002,04 08 14 22 33 34,15
12/25/2002,03 10 35 36 37 38,40
12/28/2002,17 25 37 40 42 45,44
01/01/2003,01 15 24 40 43 45,41
01/04/2003,10 14 17 36 42 47,32
01/08/2003,11 16 27 31 37 39,19
01/11/2003,03 10 38 40 42 47,19
01/15/2003,01 22 34 35 45 47,39
01/18/2003,02 08 21 24 36 42,40
01/22/2003,08 13 18 43 45 49,48
01/25/2003,12 25 28 31 45 48,15
01/29/2003,01 05 16 24 34 44,08
02/01/2003,02 04 19 26 39 43,28
02/05/2003,01 03 05 19 38 48,46
02/08/2003,03 24 36 44 46 49,20
02/12/2003,11 12 22 27 32 48,15
02/15/2003,08 16 19 29 38 41,47
02/19/2003,06 11 38 40 47 49,25
02/22/2003,04 23 25 27 36 44,29
02/26/2003,18 22 25 32 33 39,24
03/01/2003,01 03 24 27 33 49,22
03/05/2003,07 17 19 29 40 48,44
03/08/2003,11 19 25 39 41 44,27
03/12/2003,05 12 16 17 19 31,35
03/15/2003,04 14 16 24 34 43,35
03/19/2003,07 08 13 32 36 48,22
03/22/2003,02 23 30 32 33 39,28
03/26/2003,01 15 19 25 40 41,33
03/29/2003,03 17 21 27 37 41,45
04/02/2003,08 10 42 46 47 48,16
04/05/2003,10 14 22 30 37 49,21
04/09/2003,03 06 13 20 29 42,49
04/12/2003,06 09 10 13 17 36,31
04/16/2003,09 12 14 18 37 46,41
04/19/2003,06 11 24 25 39 48,40
04/23/2003,05 08 33 34 36 48,41
04/26/2003,01 02 12 39 42 46,04
04/30/2003,17 25 26 30 31 37,27
05/03/2003,05 10 12 15 16 45,48
05/07/2003,05 06 18 20 46 48,01
05/10/2003,02 18 22 32 37 45,12
05/14/2003,24 25 34 39 40 49,16
05/17/2003,05 19 30 32 43 49,44
05/21/2003,12 28 35 44 45 48,09
05/24/2003,01 02 19 22 23 26,36
05/28/2003,10 24 39 40 43 47,14
05/31/2003,03 11 14 18 39 43,05
06/04/2003,09 10 20 29 30 42,19
06/07/2003,07 12 19 41 44 45,30
06/11/2003,09 16 17 19 22 23,15
06/14/2003,11 17 19 26 27 46,44
06/18/2003,02 03 19 27 35 48,26
06/21/2003,10 15 21 30 36 41,44
06/25/2003,03 07 13 17 20 44,06
06/28/2003,07 09 12 17 26 36,33
07/02/2003,08 10 16 18 19 44,25
07/05/2003,04 08 19 20 25 32,36
07/09/2003,06 24 25 31 32 46,12
07/12/2003,03 15 23 26 34 42,44
07/16/2003,03 33 35 38 43 47,22
07/19/2003,01 12 13 15 36 38,39
07/23/2003,02 03 21 28 35 41,16
07/26/2003,08 16 31 35 38 49,04
07/30/2003,05 07 10 16 26 31,29
08/02/2003,07 14 16 24 28 36,35
08/06/2003,01 04 07 08 09 36,46
08/09/2003,12 17 30 31 37 39,22
08/13/2003,06 08 09 19 35 45,44
08/16/2003,02 11 31 33 40 41,28
08/20/2003,01 08 28 33 34 41,49
08/23/2003,02 19 25 27 33 37,34
08/27/2003,22 25 31 44 46 48,09
08/30/2003,02 05 08 09 20 45,10
09/03/2003,02 04 07 09 42 47,15
09/06/2003,03 06 08 09 10 44,22
09/10/2003,08 17 20 32 37 44,42
09/13/2003,14 21 25 36 47 48,12
09/17/2003,10 15 19 20 29 32,14
09/20/2003,06 09 10 11 12 13,26
09/24/2003,03 05 19 43 45 47,12
09/27/2003,04 10 17 19 37 49,30
10/01/2003,05 07 14 17 20 33,28
10/04/2003,17 19 26 40 45 49,44
10/08/2003,13 18 28 33 37 43,17
10/11/2003,07 11 12 13 45 46,08
10/15/2003,15 18 31 33 38 40,39
10/18/2003,03 06 09 21 34 35,10
10/22/2003,11 12 13 17 25 33,24
10/25/2003,04 27 31 32 33 37,11
10/29/2003,01 09 13 29 37 47,17
11/01/2003,03 14 21 36 45 46,33
11/05/2003,04 05 12 15 18 41,39
11/08/2003,09 12 24 35 45 47,16
11/12/2003,01 05 17 21 29 45,38
11/15/2003,01 15 25 27 37 41,22
11/19/2003,21 30 35 37 40 47,45
11/22/2003,03 19 22 29 34 36,15
11/26/2003,02 04 08 21 30 34,33
11/29/2003,09 11 13 27 43 46,08
12/03/2003,01 03 15 19 29 30,22
12/06/2003,02 04 09 24 29 35,47
12/10/2003,09 11 26 35 37 47,48
12/13/2003,15 20 31 37 38 48,18
12/17/2003,13 15 24 34 47 49,03
12/20/2003,13 22 23 28 32 38,07
12/24/2003,02 23 38 39 44 47,14
12/27/2003,05 09 17 21 30 37,45
12/31/2003,01 02 16 23 36 47,09
01/03/2004,03 04 22 33 42 44,34
01/07/2004,02 17 21 25 27 34,19
01/10/2004,04 12 25 26 31 47,32
01/14/2004,03 06 12 15 43 48,42
01/17/2004,09 21 23 30 31 47,24
01/21/2004,05 17 23 31 36 45,49
01/24/2004,11 22 28 37 46 48,13
01/28/2004,06 08 30 40 44 48,49
01/31/2004,08 26 38 39 44 45,30
02/04/2004,01 10 11 24 48 49,36
02/07/2004,09 15 22 23 26 42,43
02/11/2004,03 19 23 31 32 42,41
02/14/2004,09 10 23 37 40 46,48
02/18/2004,08 15 16 18 40 49,09
02/21/2004,12 32 33 35 40 49,27
02/25/2004,14 30 36 41 42 48,40
02/28/2004,15 20 22 35 38 42,45
03/03/2004,14 21 30 45 48 49,42
03/06/2004,02 05 13 17 33 40,01
03/10/2004,02 11 16 26 45 47,49
03/13/2004,17 19 20 24 33 39,48
03/17/2004,06 07 16 40 44 47,17
03/20/2004,09 15 29 31 37 45,43
03/24/2004,01 03 34 35 38 39,12
03/27/2004,10 11 28 33 40 43,41
03/31/2004,06 12 13 17 32 40,16
04/03/2004,08 18 28 38 44 47,34
04/07/2004,02 03 12 18 23 40,26
04/10/2004,03 05 22 31 35 44,11
04/14/2004,06 08 10 11 13 31,26
04/17/2004,12 22 27 31 38 48,10
04/21/2004,01 07 12 22 24 48,30
04/24/2004,01 15 18 20 46 49,07
04/28/2004,08 11 31 36 38 49,34
05/01/2004,01 05 07 11 22 25,36
05/05/2004,01 09 11 13 32 41,48
05/08/2004,05 14 29 31 37 39,18
05/12/2004,01 08 24 26 30 42,22
05/15/2004,04 15 26 30 33 48,20
05/19/2004,01 16 20 26 27 49,08
05/22/2004,07 10 20 22 34 38,16
05/26/2004,11 25 30 38 40 45,12
05/29/2004,04 31 33 42 47 49,02
06/02/2004,01 19 20 25 33 42,41
06/05/2004,18 23 30 34 36 38,25
06/09/2004,06 17 23 30 39 45,32
06/12/2004,03 20 21 25 30 43,33
06/16/2004,03 05 08 18 27 37,29
06/19/2004,28 36 38 40 44 46,19
06/23/2004,01 08 10 38 42 47,20
06/26/2004,04 05 13 34 40 48,21
06/30/2004,04 14 23 36 39 45,46
07/03/2004,05 06 18 32 35 44,15
07/07/2004,03 04 21 29 34 38,43
07/10/2004,07 10 11 25 29 35,09
07/14/2004,05 14 17 28 31 33,18
07/17/2004,05 06 16 23 28 38,39
07/21/2004,07 09 12 28 34 43,32
07/24/2004,03 06 08 24 28 38,07
07/28/2004,06 09 24 28 32 41,46
07/31/2004,05 21 22 26 28 40,45
08/04/2004,02 05 18 22 23 37,20
08/07/2004,04 07 12 25 26 32,06
08/11/2004,04 05 19 31 33 36,14
08/14/2004,02 12 19 23 29 31,40
08/18/2004,01 05 12 32 42 49,29
08/21/2004,01 03 09 25 34 48,13
08/25/2004,04 08 17 34 39 48,16
08/28/2004,04 11 12 21 38 39,03
09/01/2004,07 10 15 30 34 44,31
09/04/2004,13 16 20 34 35 47,40
09/08/2004,08 09 12 16 23 39,03
09/11/2004,24 26 36 41 42 47,15
09/15/2004,02 15 20 23 26 38,49
09/18/2004,08 15 16 20 21 26,38
09/22/2004,27 29 32 44 45 47,25
09/25/2004,14 20 23 31 42 46,27
09/29/2004,07 13 29 38 44 45,12
10/02/2004,02 06 25 29 36 47,34
10/06/2004,24 32 33 35 41 45,11
10/09/2004,30 31 37 41 42 46,04
10/13/2004,04 28 33 35 39 47,37
10/16/2004,14 19 23 26 46 48,25
10/20/2004,15 16 17 29 39 42,28
10/23/2004,10 13 25 26 37 41,42
10/27/2004,25 28 31 35 42 46,18
10/30/2004,20 21 22 32 37 46,03
11/03/2004,06 16 21 27 43 47,02
11/06/2004,24 25 34 36 37 41,17
11/10/2004,01 06 09 21 30 42,31
11/13/2004,09 11 25 30 32 43,38
11/17/2004,04 06 20 29 30 39,14
11/20/2004,07 09 21 25 47 48,24
11/24/2004,10 12 14 18 24 35,06
11/27/2004,07 13 33 34 41 46,32
12/01/2004,07 35 36 42 45 48,22
12/04/2004,11 29 30 33 42 45,09
12/08/2004,06 10 12 25 32 48,07
12/11/2004,11 14 20 23 24 32,44
12/15/2004,26 28 34 35 41 43,45
12/18/2004,03 20 27 34 39 42,37
12/22/2004,28 37 38 39 48 49,16
12/25/2004,03 10 21 28 34 36,25
12/29/2004,02 14 30 37 46 49,16
01/01/2005,01 07 21 25 30 43,20
01/05/2005,07 09 26 34 44 49,24
01/08/2005,14 17 25 36 38 39,07
01/12/2005,04 21 26 27 30 34,49
01/15/2005,02 11 23 30 38 39,14
01/19/2005,11 26 30 35 44 47,41
01/22/2005,09 11 18 36 38 47,23
01/26/2005,03 12 19 23 26 37,14
01/29/2005,02 20 28 29 34 49,33
02/02/2005,03 05 15 21 24 41,30
02/05/2005,03 04 16 19 41 45,07
02/09/2005,01 04 05 22 27 32,15
02/12/2005,01 06 09 13 35 48,16
02/16/2005,05 09 11 21 22 30,10
02/19/2005,01 11 20 24 37 41,33
02/23/2005,05 07 19 23 26 34,28
02/26/2005,15 27 35 40 42 46,47
03/02/2005,03 09 20 25 30 49,28
03/05/2005,02 09 22 28 30 43,18
03/09/2005,03 08 11 15 29 39,25
03/12/2005,03 09 17 21 36 38,48
03/16/2005,21 31 35 43 45 48,19
03/19/2005,05 06 12 18 26 47,03
03/23/2005,01 05 10 11 18 45,29
03/26/2005,04 13 23 30 32 36,02
03/30/2005,12 33 35 41 43 45,40
04/02/2005,19 27 37 41 43 46,35
04/06/2005,20 31 32 34 35 38,28
04/09/2005,12 18 29 34 36 49,17
04/13/2005,14 15 19 22 23 27,08
04/16/2005,04 08 09 25 32 38,30
04/20/2005,03 19 20 28 42 46,12
04/23/2005,01 10 16 23 26 37,19
04/27/2005,17 26 27 28 31 45,07
04/30/2005,02 06 13 17 22 23,27
05/04/2005,01 08 13 23 27 38,20
05/07/2005,13 18 24 27 38 42,32
05/11/2005,06 12 30 38 39 40,04
05/14/2005,01 22 25 33 41 46,21
05/18/2005,05 07 10 11 14 29,33
05/21/2005,01 06 34 39 40 42,18
05/25/2005,01 13 23 30 34 42,31
05/28/2005,03 06 11 25 31 46,47
06/01/2005,01 16 22 23 45 49,35
06/04/2005,09 10 17 35 40 43,44
06/08/2005,23 28 31 32 35 49,48
06/11/2005,03 06 25 27 39 48,29
06/15/2005,07 08 24 34 38 45,42
06/18/2005,02 12 25 30 38 45,29
06/22/2005,14 20 24 27 44 45,05
06/25/2005,13 31 44 46 48 49,17
06/29/2005,04 08 15 28 30 32,05
07/02/2005,19 28 35 40 43 47,42
07/06/2005,01 03 09 12 15 41,18
07/09/2005,06 22 23 27 36 44,33
07/13/2005,17 26 32 39 43 49,05
07/16/2005,05 23 25 31 32 44,48
07/20/2005,13 15 24 33 46 48,14
07/23/2005,01 18 20 23 44 45,31
07/27/2005,04 08 11 16 21 31,30
07/30/2005,06 07 11 13 14 35,28
08/03/2005,08 15 32 35 42 49,30
08/06/2005,04 08 10 14 21 35,38
08/10/2005,03 17 18 20 25 49,40
08/13/2005,07 10 14 17 26 39,02
08/17/2005,13 32 38 39 40 43,31
08/20/2005,03 05 22 35 46 47,12
08/24/2005,11 15 17 30 38 45,44
08/27/2005,01 04 11 26 38 47,29
08/31/2005,09 10 15 18 29 33,43
09/03/2005,05 18 22 30 44 49,41
09/07/2005,02 12 30 34 36 45,40
09/10/2005,01 13 19 29 31 35,21
09/14/2005,08 22 29 30 42 49,13
09/17/2005,07 19 20 26 27 39,35
09/21/2005,11 18 22 30 41 45,33
09/24/2005,01 17 28 31 44 48,21
09/28/2005,03 19 25 34 38 45,30
10/01/2005,10 13 31 32 35 42,05
10/05/2005,05 07 12 19 26 36,35
10/08/2005,07 22 34 35 41 47,29
10/12/2005,07 08 25 31 42 48,37
10/15/2005,14 19 32 40 42 47,15
10/19/2005,04 26 28 40 47 48,30
10/22/2005,04 30 33 34 41 44,28
10/26/2005,01 05 09 17 20 30,19
10/29/2005,05 22 28 30 33 49,19
11/02/2005,03 18 22 39 48 49,05
11/05/2005,05 10 21 34 40 49,11
11/09/2005,11 18 26 31 32 37,44
11/12/2005,08 18 32 35 38 42,27
11/16/2005,13 14 18 26 32 42,45
11/19/2005,22 23 27 31 38 45,39
11/23/2005,13 18 20 30 35 40,49
11/26/2005,12 31 43 45 48 49,11
11/30/2005,03 06 37 38 45 47,28
12/03/2005,23 27 32 33 45 47,07
12/07/2005,30 39 43 47 48 49,41
12/10/2005,01 06 25 35 43 49,41
12/14/2005,14 18 20 26 35 49,22
12/17/2005,03 21 23 28 31 34,17
12/21/2005,24 31 32 40 44 49,45
12/24/2005,03 04 07 12 17 41,40
12/28/2005,01 10 25 29 34 45,23
12/31/2005,01 22 27 28 37 42,34
01/04/2006,04 20 37 39 43 44,26
01/07/2006,17 19 22 28 33 39,26
01/11/2006,06 12 21 28 46 49,11
01/14/2006,04 08 11 36 43 47,14
01/18/2006,10 14 15 21 23 40,12
01/21/2006,12 16 25 27 33 43,04
01/25/2006,08 24 29 30 46 49,11
01/28/2006,13 25 27 28 30 37,12
02/01/2006,03 12 13 17 28 44,29
02/04/2006,11 16 23 34 44 47,22
02/08/2006,21 22 24 25 31 48,04
02/11/2006,07 19 22 25 32 47,37
02/15/2006,01 03 04 05 14 42,17
02/18/2006,04 13 25 27 29 41,09
02/22/2006,08 10 11 15 21 34,23
02/25/2006,03 10 15 22 27 29,11
03/01/2006,04 16 18 29 33 39,03
03/04/2006,03 21 26 40 46 49,39
03/08/2006,05 22 38 41 43 47,46
03/11/2006,02 07 11 15 30 46,13
03/15/2006,09 20 25 31 36 39,40
03/18/2006,08 26 27 33 40 46,04
03/22/2006,01 08 14 25 27 28,09
03/25/2006,15 17 23 37 47 49,38
03/29/2006,20 24 25 26 33 48,45
04/01/2006,01 13 32 33 40 43,25
04/05/2006,01 05 09 13 33 45,23
04/08/2006,05 06 28 31 44 46,02
04/12/2006,06 23 28 32 38 46,43
04/15/2006,10 12 16 43 46 49,23
04/19/2006,02 07 32 35 47 48,16
04/22/2006,02 07 21 27 43 48,12
04/26/2006,01 04 27 36 40 44,16
04/29/2006,03 07 14 20 27 31,44
05/03/2006,04 09 10 15 16 24,43
05/06/2006,22 31 32 34 40 43,48
05/10/2006,03 23 30 33 34 41,36
05/13/2006,08 15 18 19 33 42,17
05/17/2006,06 07 08 13 25 36,04
05/20/2006,02 03 11 34 42 48,15
05/24/2006,04 18 21 24 28 37,16
05/27/2006,05 10 13 18 37 47,46
05/31/2006,07 12 16 17 33 49,44
06/03/2006,06 11 22 34 47 48,27
06/07/2006,06 25 26 27 31 37,45
06/10/2006,11 16 20 25 29 46,27
06/14/2006,02 16 21 24 26 40,05
06/17/2006,08 15 27 31 47 49,45
06/21/2006,05 15 23 34 48 49,28
06/24/2006,01 07 10 20 29 34,14
06/28/2006,06 17 29 38 45 48,42
07/01/2006,03 23 33 34 36 49,45
07/05/2006,01 04 24 40 47 48,16
07/08/2006,08 19 23 30 32 47,31
07/12/2006,06 15 26 31 35 37,46
07/15/2006,11 23 24 29 43 44,31
07/19/2006,01 02 09 22 29 37,18
07/22/2006,02 09 15 28 33 40,07
07/26/2006,02 11 15 23 33 37,24
07/29/2006,24 25 26 33 38 42,14
08/02/2006,06 16 28 31 40 49,29
08/05/2006,08 22 34 42 44 45,16
08/09/2006,11 18 20 21 29 33,10
08/12/2006,10 16 20 22 30 38,02
08/16/2006,10 19 21 35 43 44,16
08/19/2006,11 17 23 39 42 44,49
08/23/2006,01 06 12 16 33 45,41
08/26/2006,05 06 26 28 31 41,29
08/30/2006,06 19 30 31 39 45,08
09/02/2006,32 33 38 41 44 48,19
09/06/2006,03 07 08 10 25 35,38
09/09/2006,02 13 20 27 42 44,11
09/13/2006,13 15 21 33 41 45,25
09/16/2006,22 29 30 31 40 47,26
09/20/2006,07 08 28 31 39 46,40
09/23/2006,08 10 17 23 34 42,40
09/27/2006,03 15 18 22 31 46,06
09/30/2006,27 32 34 38 41 48,37
10/04/2006,01 06 21 26 32 47,15
10/07/2006,08 10 11 14 28 29,09
10/11/2006,12 20 24 26 30 35,15
10/14/2006,11 19 20 24 31 49,12
10/18/2006,07 14 15 23 31 36,22
10/21/2006,14 22 25 41 43 49,08
10/25/2006,01 12 23 31 34 35,19
10/28/2006,05 19 20 41 42 49,34
11/01/2006,03 05 10 20 34 42,25
11/04/2006,02 07 18 37 41 45,40
11/08/2006,04 27 37 39 43 49,17
11/11/2006,02 07 25 27 44 48,14
11/15/2006,11 28 35 37 42 44,39
11/18/2006,20 29 31 35 37 47,27
11/22/2006,14 16 23 25 43 46,44
11/25/2006,07 10 25 26 28 37,15
11/29/2006,07 20 25 30 39 41,05
12/02/2006,05 14 20 36 38 45,47
12/06/2006,02 06 07 08 24 46,17
12/09/2006,07 13 15 30 43 45,10
12/13/2006,07 09 29 37 41 43,13
12/16/2006,04 10 13 18 21 44,16
12/20/2006,10 13 18 22 23 48,35
12/23/2006,01 08 20 45 46 49,42
12/27/2006,02 13 34 37 40 47,43
12/30/2006,09 17 22 40 41 43,01
01/03/2007,08 10 28 36 44 46,35
01/06/2007,05 15 25 35 37 45,22
01/10/2007,01 12 24 27 31 41,33
01/13/2007,04 05 21 38 41 44,12
01/17/2007,10 28 29 30 32 41,14
01/20/2007,10 12 26 35 41 47,30
01/24/2007,03 08 18 19 43 45,02
01/27/2007,12 18 20 22 24 30,36
01/31/2007,14 19 30 35 39 48,16
02/03/2007,12 27 28 29 40 42,01
02/07/2007,11 17 19 34 36 39,12
02/10/2007,03 05 06 22 31 43,02
02/14/2007,11 26 27 32 42 48,46
02/17/2007,04 10 28 31 40 49,37
02/21/2007,06 29 31 40 44 49,45
02/24/2007,07 12 18 37 40 45,11
02/28/2007,02 19 31 34 39 41,01
03/03/2007,13 28 30 36 38 49,47
03/07/2007,04 16 24 36 41 45,06
03/10/2007,02 03 09 19 37 43,21
03/14/2007,05 07 09 23 30 36,35
03/17/2007,09 10 14 32 34 44,05
03/21/2007,09 11 18 20 29 46,07
03/24/2007,04 17 27 30 39 49,31
03/28/2007,14 20 21 23 27 30,04
03/31/2007,09 13 16 19 31 37,46
04/04/2007,05 07 13 17 18 40,37
04/07/2007,06 08 12 26 31 34,11
04/11/2007,03 05 06 17 30 35,48
04/14/2007,26 29 30 37 39 48,02
04/18/2007,07 20 29 32 42 47,46
04/21/2007,04 07 09 13 17 24,06
04/25/2007,08 11 12 22 36 43,33
04/28/2007,22 23 24 29 34 45,25
05/02/2007,03 06 22 34 35 48,16
05/05/2007,04 19 24 28 32 35,27
05/09/2007,20 21 24 33 38 40,35
05/12/2007,06 08 10 21 26 37,28
05/16/2007,05 07 21 22 35 46,06
05/19/2007,23 24 29 40 46 48,13
05/23/2007,02 09 14 19 43 48,46
05/26/2007,07 11 16 31 47 49,18
05/30/2007,08 10 12 25 38 45,01
06/02/2007,04 05 23 32 46 48,27
06/06/2007,01 08 34 39 41 48,21
06/09/2007,04 13 17 19 32 44,41
06/13/2007,04 06 11 14 25 43,18
06/16/2007,05 09 16 19 30 38,43
06/20/2007,13 23 30 31 39 46,16
06/23/2007,19 20 27 28 42 49,38
06/27/2007,01 04 10 11 23 25,42
06/30/2007,05 13 19 33 38 39,03
07/04/2007,06 12 22 24 28 29,49
07/07/2007,02 04 08 18 31 43,21
07/11/2007,02 09 15 26 32 39,23
07/14/2007,02 06 13 18 19 42,48
07/18/2007,06 23 24 30 31 45,43
07/21/2007,04 06 07 22 31 32,13
07/25/2007,08 24 27 34 42 47,29
07/28/2007,17 19 21 23 42 47,18
08/01/2007,11 15 16 25 40 49,23
08/04/2007,06 14 28 30 32 35,44
08/08/2007,10 12 13 21 38 43,05
08/11/2007,05 21 25 27 33 37,20
08/15/2007,15 30 34 35 37 44,18
08/18/2007,01 19 21 31 34 46,43
08/22/2007,17 19 22 23 31 41,13
08/25/2007,08 10 13 16 40 45,05
08/29/2007,10 15 17 18 27 33,28
09/01/2007,05 07 19 36 38 40,37
09/05/2007,05 09 19 21 41 47,31
09/08/2007,07 19 36 40 44 45,08
09/12/2007,04 19 23 27 36 39,03
09/15/2007,01 02 10 11 25 41,30
09/19/2007,23 28 29 36 43 44,19
09/22/2007,01 03 06 20 37 49,04
09/26/2007,14 18 25 30 44 47,20
09/29/2007,16 21 35 37 39 45,34
10/03/2007,22 27 33 35 36 42,45
10/06/2007,13 22 35 37 44 47,18
10/10/2007,04 18 29 38 39 46,33
10/13/2007,12 14 24 29 30 43,17
10/17/2007,03 04 12 19 20 42,30
10/20/2007,15 23 30 33 37 42,43
10/24/2007,07 09 27 29 44 45,26
10/27/2007,05 10 24 27 34 35,23
10/31/2007,02 19 20 28 31 47,14
11/03/2007,03 10 20 33 39 44,31
11/07/2007,02 05 22 23 26 44,16
11/10/2007,01 02 25 36 38 45,47
11/14/2007,02 14 17 23 24 32,29
11/17/2007,03 07 10 23 25 43,46
11/21/2007,14 31 34 35 42 43,19
11/24/2007,07 16 18 20 31 47,43
11/28/2007,18 22 28 34 39 41,15
12/01/2007,01 07 14 21 33 48,49
12/05/2007,07 10 18 20 23 37,17
12/08/2007,12 14 28 35 36 49,06
12/12/2007,02 25 28 40 46 48,32
12/15/2007,08 10 34 42 45 48,37
12/19/2007,10 11 20 39 40 43,07
12/22/2007,18 19 21 22 25 37,45
12/26/2007,08 16 21 27 33 44,14
12/29/2007,02 03 08 11 15 33,38
01/02/2008,08 14 17 24 47 48,07
01/05/2008,04 16 24 25 36 39,19
01/09/2008,04 15 28 36 38 41,11
01/12/2008,16 17 18 39 43 46,14
01/16/2008,07 09 28 30 37 47,21
01/19/2008,12 13 27 31 42 46,23
01/23/2008,02 09 12 16 36 42,43
01/26/2008,05 13 17 37 39 45,19
01/30/2008,01 20 21 29 40 47,31
02/02/2008,06 11 14 29 32 44,40
02/06/2008,01 30 31 33 35 46,09
02/09/2008,26 29 31 33 36 39,10
02/13/2008,01 04 09 10 15 26,40
02/16/2008,05 13 24 30 33 46,49
02/20/2008,05 11 16 22 24 33,46
02/23/2008,02 08 12 23 32 42,04
02/27/2008,02 15 23 33 35 47,19
03/01/2008,11 12 17 20 33 41,21
03/05/2008,14 15 23 26 28 44,39
03/08/2008,01 06 09 10 16 32,11
03/12/2008,21 26 33 41 42 45,15
03/15/2008,13 24 26 33 44 49,37
03/19/2008,10 14 15 27 33 35,38
03/22/2008,14 18 38 39 41 42,37
03/26/2008,02 08 15 20 23 42,14
03/29/2008,11 20 28 31 37 38,33
04/02/2008,03 26 33 35 40 49,39
04/05/2008,22 26 27 28 37 47,18
04/09/2008,09 12 13 31 38 41,19
04/12/2008,09 10 13 29 32 33,11
04/16/2008,04 30 32 36 38 46,34
04/19/2008,03 05 07 09 10 38,47
04/23/2008,22 23 29 33 34 46,20
04/26/2008,01 07 09 16 25 39,11
04/30/2008,15 17 18 19 28 30,02
05/03/2008,04 07 20 26 29 39,44
05/07/2008,13 16 22 41 42 46,38
05/10/2008,07 10 19 21 22 34,36
05/14/2008,10 14 18 35 38 48,33
05/17/2008,14 15 17 32 38 42,39
05/21/2008,20 24 25 32 36 40,29
05/24/2008,06 13 19 23 34 42,26
05/28/2008,06 12 13 27 28 41,21
05/31/2008,14 16 36 37 38 44,48
06/04/2008,10 16 27 31 39 42,03
06/07/2008,18 20 29 38 43 47,05
06/11/2008,08 15 27 34 39 40,21
06/14/2008,01 04 09 19 39 41,43
06/18/2008,19 36 42 45 47 49,11
06/21/2008,02 05 14 36 40 41,12
06/25/2008,07 08 10 14 15 17,18
06/28/2008,08 17 19 24 25 34,32
07/02/2008,09 12 22 40 42 49,32
07/05/2008,03 11 29 30 38 41,34
07/09/2008,03 12 20 22 29 48,40
07/12/2008,15 24 26 29 41 49,07
07/16/2008,08 11 23 31 34 46,09
07/19/2008,15 16 29 32 35 49,23
07/23/2008,02 03 12 29 31 39,27
07/26/2008,23 25 26 29 35 47,07
07/30/2008,18 20 23 30 35 38,06
08/02/2008,02 04 06 09 10 48,45
08/06/2008,14 28 33 35 42 47,44
08/09/2008,05 11 13 16 27 34,04
08/13/2008,11 14 33 36 38 43,20
08/16/2008,05 07 09 11 32 44,15
08/20/2008,01 03 06 16 19 35,08
08/23/2008,03 18 24 26 47 49,38
08/27/2008,03 06 11 16 33 40,32
08/30/2008,05 14 17 21 22 42,40
09/03/2008,05 06 09 22 45 49,12
09/06/2008,13 17 23 24 32 38,37
09/10/2008,07 15 19 24 34 47,49
09/13/2008,01 03 10 11 16 27,07
09/17/2008,08 31 37 39 40 46,29
09/20/2008,03 11 16 31 32 39,36
09/24/2008,02 10 25 28 32 39,44
09/27/2008,11 22 25 29 37 46,01
10/01/2008,11 19 33 42 43 48,23
10/04/2008,01 02 10 15 31 40,26
10/08/2008,07 23 27 33 41 49,12
10/11/2008,18 30 35 36 44 49,19
10/15/2008,01 09 21 28 30 38,04
10/18/2008,20 21 25 34 36 41,32
10/22/2008,02 08 13 35 39 40,10
10/25/2008,04 14 19 25 26 36,29
10/29/2008,01 07 15 33 43 48,11
11/01/2008,06 13 32 35 40 47,16
11/05/2008,09 24 29 39 42 48,31
11/08/2008,08 11 13 15 24 42,28
11/12/2008,10 16 22 26 40 42,49
11/15/2008,04 06 18 23 31 46,21
11/19/2008,14 22 26 35 37 39,38
11/22/2008,02 03 10 11 35 41,19
11/26/2008,03 09 16 23 28 40,26
11/29/2008,11 23 28 29 35 48,34
12/03/2008,07 11 22 27 41 47,13
12/06/2008,02 08 19 23 44 49,43
12/10/2008,02 27 33 42 46 47,30
12/13/2008,07 12 14 30 33 38,08
12/17/2008,15 18 19 28 35 44,39
12/20/2008,02 06 17 22 41 45,48
12/24/2008,01 07 13 20 35 40,24
12/27/2008,04 08 16 32 36 43,06
12/31/2008,01 08 11 19 25 29,14
01/03/2009,01 06 10 16 28 40,46
01/07/2009,12 19 24 30 38 42,11
01/10/2009,02 08 12 20 36 48,22
01/14/2009,07 15 17 18 33 34,49
01/17/2009,01 23 29 40 41 43,25
01/21/2009,01 11 20 27 44 48,41
01/24/2009,03 06 08 09 21 34,39
01/28/2009,03 06 16 18 19 35,28
01/31/2009,01 15 24 38 44 45,07
02/04/2009,01 05 07 18 22 42,39
02/07/2009,05 13 15 18 25 45,08
02/11/2009,13 14 27 28 34 45,18
02/14/2009,04 05 14 19 28 29,41
02/18/2009,02 11 21 25 40 44,24
02/21/2009,01 07 12 16 18 39,45
02/25/2009,13 18 27 29 36 44,32
02/28/2009,03 10 16 20 24 43,37
03/04/2009,09 23 26 32 41 49,48
03/07/2009,08 19 31 40 45 47,34
03/11/2009,10 16 17 25 41 45,12
03/14/2009,01 07 29 39 41 49,14
03/18/2009,12 27 30 31 33 35,43
03/21/2009,02 07 12 27 34 47,30
03/25/2009,05 08 12 22 30 39,33
03/28/2009,07 09 11 12 30 45,31
04/01/2009,01 09 11 15 35 46,36
04/04/2009,01 12 18 21 39 43,27
04/08/2009,01 12 16 33 47 48,44
04/11/2009,01 07 12 13 17 43,26
04/15/2009,02 04 28 34 43 44,24
04/18/2009,14 19 23 32 35 47,44
04/22/2009,17 30 35 36 43 48,44
04/25/2009,06 13 17 24 29 45,02
04/29/2009,06 09 11 25 36 46,04
05/02/2009,06 08 23 31 45 48,33
05/06/2009,01 06 16 30 40 47,36
05/09/2009,04 10 40 41 45 48,05
05/13/2009,03 06 13 16 23 26,40
05/16/2009,09 15 21 26 36 43,25
05/20/2009,02 18 22 30 38 41,48
05/23/2009,02 16 17 32 38 48,30
05/27/2009,01 04 05 08 24 43,09
05/30/2009,08 15 20 21 30 37,04
06/03/2009,09 19 34 37 40 43,48
06/06/2009,05 06 22 34 39 46,20
06/10/2009,10 13 15 22 23 38,02
06/13/2009,10 16 21 29 43 49,24
06/17/2009,07 18 25 26 28 38,15
06/20/2009,01 03 05 09 31 42,46
06/24/2009,08 16 29 30 31 33,12
06/27/2009,01 02 10 11 13 26,48
07/01/2009,07 08 13 34 38 40,14
07/04/2009,02 12 20 21 45 47,19
07/08/2009,01 13 28 35 41 49,05
07/11/2009,01 35 37 44 45 48,42
07/15/2009,12 14 27 31 48 49,19
07/18/2009,11 17 18 22 32 45,19
07/22/2009,01 13 14 30 40 45,15
07/25/2009,04 09 10 28 38 49,34
07/29/2009,04 13 27 28 34 36,09
08/01/2009,07 22 26 27 33 47,35
08/05/2009,02 24 26 27 35 41,32
08/08/2009,08 26 27 34 37 40,06
08/12/2009,11 29 33 42 43 45,13
08/15/2009,02 10 19 23 28 47,16
08/19/2009,06 12 18 24 34 43,31
08/22/2009,05 30 31 32 34 46,35
08/26/2009,13 17 18 20 21 39,34
08/29/2009,01 26 31 39 43 47,08
09/02/2009,06 08 23 30 31 39,44
09/05/2009,01 07 20 22 33 41,28
09/09/2009,07 16 25 40 43 49,12
09/12/2009,15 27 34 44 45 48,39
09/16/2009,03 04 10 19 25 30,37
09/19/2009,02 20 24 30 36 41,09
09/23/2009,13 17 23 30 31 46,41
09/26/2009,12 13 14 20 24 33,23
09/30/2009,19 20 28 35 37 49,10
10/03/2009,16 19 28 30 33 48,12
10/07/2009,10 13 15 28 32 40,29
10/10/2009,09 13 15 16 32 45,47
10/14/2009,11 13 15 23 25 49,40
10/17/2009,07 18 26 33 38 49,15
10/21/2009,17 19 31 34 39 47,06
10/24/2009,09 10 26 28 35 39,31
10/28/2009,04 21 32 33 36 40,35
10/31/2009,03 19 24 31 35 38,34
11/04/2009,05 06 16 17 19 27,28
11/07/2009,12 26 27 34 40 42,03
11/11/2009,01 17 25 32 39 44,38
11/14/2009,11 15 18 26 42 44,41
11/18/2009,09 11 24 29 42 43,27
11/21/2009,07 09 24 35 42 45,11
11/25/2009,12 15 25 27 35 39,43
11/28/2009,02 09 27 31 39 46,38
12/02/2009,01 03 06 11 19 26,35
12/05/2009,12 15 26 35 41 44,11
12/09/2009,07 10 14 20 25 27,24
12/12/2009,01 08 19 38 41 49,32
12/16/2009,01 03 04 13 18 42,47
12/19/2009,01 09 17 30 45 49,28
12/23/2009,06 16 17 18 38 41,27
12/26/2009,12 23 29 32 45 48,04
12/30/2009,02 07 21 24 31 37,18
01/02/2010,04 09 24 31 32 37,45
01/06/2010,14 27 31 32 41 46,26
01/09/2010,07 18 19 23 26 38,37
01/13/2010,11 14 39 40 44 48,30
01/16/2010,13 14 15 19 23 35,03
01/20/2010,04 06 08 19 45 48,02
01/23/2010,06 09 18 24 36 39,42
01/27/2010,07 09 15 18 37 42,45
01/30/2010,02 04 10 11 25 26,29
02/03/2010,01 14 17 19 23 34,49
02/06/2010,08 31 34 37 44 45,17
02/10/2010,05 06 11 23 26 49,43
02/13/2010,02 04 09 25 34 37,22
02/17/2010,03 04 19 36 46 49,26
02/20/2010,02 10 22 25 48 49,01
02/24/2010,04 05 35 36 46 47,34
02/27/2010,09 12 19 20 25 45,48
03/03/2010,02 14 16 17 37 45,04
03/06/2010,09 10 13 22 31 46,45
03/10/2010,03 04 10 17 26 27,23
03/13/2010,03 10 29 36 39 41,25
03/17/2010,10 16 24 36 38 43,07
03/20/2010,18 32 33 42 47 49,43
03/24/2010,02 03 18 32 36 43,26
03/27/2010,13 14 22 39 45 46,21
03/31/2010,03 12 13 30 40 47,14
04/03/2010,27 35 36 43 44 47,48
04/07/2010,02 19 20 22 41 45,17
04/10/2010,14 25 30 33 41 47,46
04/14/2010,23 31 35 45 46 48,29
04/17/2010,27 29 30 35 36 40,18
04/21/2010,11 23 26 27 45 49,34
04/24/2010,23 30 38 39 40 46,13
04/28/2010,13 24 32 36 39 41,18
05/01/2010,16 21 37 43 44 45,01
05/05/2010,05 08 22 26 37 40,04
05/08/2010,14 22 33 38 46 47,35
05/12/2010,03 04 11 19 46 49,28
05/15/2010,13 16 31 45 47 49,06
05/19/2010,07 14 24 25 42 48,19
05/22/2010,02 03 24 34 35 38,42
05/26/2010,13 16 28 30 40 45,05
05/29/2010,01 07 12 22 27 44,23
06/02/2010,02 12 15 16 20 24,06
06/05/2010,03 04 08 20 26 38,49
06/09/2010,19 27 31 33 40 41,22
06/12/2010,01 13 16 17 23 46,24
06/16/2010,19 25 30 38 46 49,32
06/19/2010,07 14 22 31 41 45,32
06/23/2010,03 10 19 31 44 45,02
06/26/2010,01 04 09 15 19 36,31
06/30/2010,01 11 22 38 40 47,31
07/03/2010,07 25 31 38 39 49,11
07/07/2010,02 20 26 30 46 47,36
07/10/2010,04 17 19 25 38 46,42
07/14/2010,02 10 14 15 23 28,33
07/17/2010,10 14 31 34 35 45,30
07/21/2010,02 24 25 28 33 45,08
07/24/2010,05 18 32 33 44 47,29
07/28/2010,03 10 28 35 40 41,05
07/31/2010,04 09 12 34 38 49,33
08/04/2010,02 09 27 32 33 47,18
08/07/2010,04 21 28 34 39 41,07
08/11/2010,04 14 25 30 32 33,15
08/14/2010,13 29 38 43 47 48,03
08/18/2010,26 27 30 35 38 48,31
08/21/2010,06 12 15 24 30 37,46
08/25/2010,01 18 22 23 27 46,45
08/28/2010,08 10 16 42 43 49,27
09/01/2010,03 12 14 19 24 48,45
09/04/2010,11 20 26 32 38 44,42
09/08/2010,06 23 24 27 30 42,28
09/11/2010,05 18 19 23 32 48,34
09/15/2010,12 13 22 42 46 47,30
09/18/2010,04 27 29 31 38 44,49
09/22/2010,02 28 32 34 39 40,09
09/25/2010,07 10 22 23 42 49,17
09/29/2010,11 13 20 41 45 47,27
10/02/2010,01 10 18 26 45 47,20
10/06/2010,08 09 11 29 36 42,38
10/09/2010,06 08 13 20 39 48,44
10/13/2010,03 07 13 25 34 40,24
10/16/2010,16 27 37 38 39 46,48
10/20/2010,05 10 26 28 33 39,19
10/23/2010,06 07 14 20 31 39,02
10/27/2010,05 07 22 38 41 47,43
10/30/2010,05 21 27 38 40 45,41
11/03/2010,02 10 17 30 36 45,40
11/06/2010,02 12 37 39 43 45,24
11/10/2010,02 05 19 26 39 46,34
11/13/2010,01 14 19 35 46 49,33
11/17/2010,07 15 39 42 47 48,16
11/20/2010,08 30 35 42 43 48,46
11/24/2010,16 18 21 23 32 38,37
11/27/2010,12 20 33 38 39 44,42
12/01/2010,02 18 20 25 37 44,11
12/04/2010,03 14 32 33 47 49,43
12/08/2010,07 08 19 33 38 46,27
12/11/2010,02 24 35 37 40 45,23
12/15/2010,01 02 09 20 33 35,31
12/18/2010,07 12 26 32 41 49,42
12/22/2010,03 21 23 29 40 46,35
12/25/2010,05 10 11 12 25 44,18
12/29/2010,07 19 28 31 39 49,37
01/01/2011,14 20 30 31 35 43,46
01/05/2011,08 13 15 20 42 47,06
01/08/2011,01 02 19 20 25 28,44
01/12/2011,02 11 13 28 40 42,34
01/15/2011,21 28 31 36 38 47,10
01/19/2011,07 25 28 30 45 46,43
01/22/2011,03 04 05 15 24 25,47
01/26/2011,04 19 21 27 43 45,20
01/29/2011,05 07 08 23 32 35,22
02/02/2011,05 16 20 23 45 47,40
02/05/2011,03 24 25 26 42 47,44
02/09/2011,01 12 20 24 31 39,27
02/12/2011,05 13 17 33 40 42,22
02/16/2011,07 19 21 34 37 44,15
02/19/2011,06 13 17 28 40 45,01
02/23/2011,06 15 16 17 19 41,26
02/26/2011,02 08 24 33 45 48,40
03/02/2011,06 07 26 29 30 34,17
03/05/2011,19 23 37 41 46 49,14
03/09/2011,03 04 09 30 39 41,15
03/12/2011,01 07 15 24 26 34,48
03/16/2011,11 27 29 42 48 49,33
03/19/2011,06 10 17 36 37 39,07
03/23/2011,05 07 15 27 29 35,30
03/26/2011,07 11 28 29 31 42,32
03/30/2011,02 07 19 22 26 39,35
04/02/2011,24 28 32 34 39 42,01
04/06/2011,02 15 28 38 42 44,39
04/09/2011,21 24 32 35 42 44,07
04/13/2011,17 18 30 34 40 42,10
04/16/2011,19 20 26 28 30 37,18
04/20/2011,02 03 31 37 40 42,47
04/23/2011,17 20 24 28 29 40,26
04/27/2011,05 09 24 29 38 43,37
04/30/2011,02 03 05 06 27 34,36
05/04/2011,04 05 06 29 47 48,14
05/07/2011,01 06 08 11 25 35,46
05/11/2011,08 09 10 38 45 47,15
05/14/2011,01 05 26 34 39 49,10
05/18/2011,08 09 13 39 46 47,34
05/21/2011,20 24 33 39 42 46,18
05/25/2011,02 06 08 26 27 36,19
05/28/2011,15 28 35 40 41 42,32
06/01/2011,01 06 13 17 29 36,12
06/04/2011,01 10 11 21 38 39,22
06/08/2011,05 17 29 41 44 49,35
06/11/2011,04 13 25 31 32 36,16
06/15/2011,06 11 13 19 33 35,26
06/18/2011,09 11 23 29 30 34,33
06/22/2011,08 20 33 36 37 49,27
06/25/2011,15 27 28 43 45 46,34
06/29/2011,05 07 11 32 41 46,22
07/02/2011,01 15 17 19 35 44,13
07/06/2011,01 10 18 24 25 46,07
07/09/2011,04 08 18 20 21 42,36
07/13/2011,02 10 20 22 37 41,44
07/16/2011,02 09 15 16 27 46,19
07/20/2011,15 16 27 28 32 36,40
07/23/2011,03 12 24 41 47 48,46
07/27/2011,09 11 22 28 41 48,45
07/30/2011,02 03 09 26 45 46,35
08/03/2011,09 30 38 39 46 49,24
08/06/2011,02 17 32 35 46 47,20
08/10/2011,10 11 13 30 33 41,01
08/13/2011,11 16 17 19 34 39,21
08/17/2011,11 22 35 38 40 49,42
08/20/2011,12 16 26 28 31 46,41
08/24/2011,07 19 33 34 46 49,03
08/27/2011,07 14 23 27 33 42,36
08/31/2011,11 16 17 35 36 47,26
09/03/2011,03 14 21 26 27 41,06
09/07/2011,05 10 12 13 22 30,34
09/10/2011,08 28 35 41 45 48,39
09/14/2011,07 11 12 14 27 29,23
09/17/2011,11 16 20 21 31 38,18
09/21/2011,03 07 14 16 40 45,31
09/24/2011,13 15 40 43 46 48,01
09/28/2011,02 11 27 30 39 47,26
10/01/2011,02 24 33 37 42 43,48
10/05/2011,04 16 21 23 25 48,43
10/08/2011,07 10 35 39 41 45,42
10/12/2011,10 16 17 18 41 47,33
10/15/2011,05 07 13 21 27 41,34
10/19/2011,06 20 27 34 41 42,26
10/22/2011,17 18 19 28 36 44,14
10/26/2011,24 27 32 36 39 47,28
10/29/2011,15 17 22 27 37 47,46
11/02/2011,07 10 19 29 36 42,37
11/05/2011,23 32 33 35 36 47,18
11/09/2011,01 05 24 32 34 39,29
11/12/2011,03 04 11 18 28 41,46
11/16/2011,02 32 36 41 44 48,22
11/19/2011,08 24 31 35 44 47,27
11/23/2011,12 18 26 29 35 47,37
11/26/2011,12 15 18 23 25 32,28
11/30/2011,12 13 17 25 30 31,20
12/03/2011,20 29 32 35 39 47,44
12/07/2011,05 06 18 19 28 40,07
12/10/2011,17 20 37 42 45 49,27
12/14/2011,04 07 18 36 40 49,13
12/17/2011,17 26 31 37 44 47,42
12/21/2011,01 04 14 23 30 48,05
12/24/2011,02 14 17 19 32 38,40
12/28/2011,14 16 27 36 42 46,01
12/31/2011,03 05 17 21 22 30,36
01/04/2012,11 23 28 32 44 46,45
01/07/2012,04 17 31 32 46 49,02
01/11/2012,04 19 24 26 27 36,11
01/14/2012,09 15 19 24 32 33,11
01/18/2012,04 07 08 16 23 31,45
01/21/2012,08 15 20 22 25 31,35
01/25/2012,01 06 08 10 17 38,35
01/28/2012,11 15 23 27 30 35,22
02/01/2012,01 11 16 30 32 42,21
02/04/2012,02 21 29 40 42 46,19
02/08/2012,12 25 27 36 38 39,07
02/11/2012,23 31 40 41 45 48,47
02/15/2012,02 05 19 40 42 49,01
02/18/2012,17 27 29 37 45 48,31
02/22/2012,04 08 12 20 22 28,16
02/25/2012,02 08 16 22 26 42,06
02/29/2012,06 13 15 20 30 45,40
03/03/2012,04 08 32 33 44 49,47
03/07/2012,04 12 19 23 30 45,13
03/10/2012,06 12 24 25 26 41,44
03/14/2012,03 06 11 31 36 38,04
03/17/2012,04 18 26 27 34 47,21
03/21/2012,01 15 30 37 41 47,10
03/24/2012,04 15 37 38 42 48,10
03/28/2012,19 25 32 33 36 37,23
03/31/2012,10 14 19 33 37 40,31
04/04/2012,02 15 23 24 37 39,14
04/07/2012,09 10 21 22 41 45,18
04/11/2012,02 23 29 39 42 47,49
04/14/2012,02 22 23 27 29 33,44
04/18/2012,04 05 08 22 24 27,13
04/21/2012,07 09 11 27 31 35,03
04/25/2012,02 14 31 33 41 45,11
04/28/2012,01 12 18 24 32 49,20
05/02/2012,03 05 07 16 37 49,08
05/05/2012,02 06 10 15 17 27,04
05/09/2012,03 13 14 19 34 47,01
05/12/2012,05 10 17 28 41 43,21
05/16/2012,10 23 27 40 41 49,03
05/19/2012,14 16 19 22 23 46,47
05/23/2012,04 11 27 31 33 44,05
05/26/2012,01 10 11 21 34 38,39
05/30/2012,01 04 06 11 16 22,32
06/02/2012,08 12 29 31 38 44,35
06/06/2012,02 13 15 21 34 42,40
06/09/2012,02 06 14 30 31 36,16
06/13/2012,07 09 32 39 41 46,19
06/16/2012,13 16 20 38 41 44,23
06/20/2012,12 17 37 43 44 49,34
06/23/2012,03 08 21 22 27 41,24
06/27/2012,28 34 36 44 45 49,14
06/30/2012,02 03 13 19 27 43,12
07/04/2012,07 20 34 39 44 45,08
07/07/2012,02 19 29 34 36 42,14
07/11/2012,02 08 14 28 37 41,27
07/14/2012,03 07 11 19 36 37,31
07/18/2012,02 24 25 26 37 45,36
07/21/2012,10 13 25 33 37 47,45
07/25/2012,11 20 28 29 33 39,27
07/28/2012,03 09 17 28 37 46,18
08/01/2012,09 14 24 33 36 38,18
08/04/2012,05 11 12 18 36 48,06
08/08/2012,06 14 27 41 43 46,12
08/11/2012,08 31 32 34 39 48,07
08/15/2012,05 10 32 41 44 49,06
08/18/2012,07 13 14 20 28 48,21
08/22/2012,05 12 22 26 31 48,45
08/25/2012,01 09 10 25 29 39,03
08/29/2012,01 21 25 26 32 43,47
09/01/2012,01 05 32 33 39 40,34
09/05/2012,07 09 12 24 26 37,23
09/08/2012,09 19 23 29 32 43,17
09/12/2012,05 25 32 36 42 46,23
09/15/2012,07 08 18 38 44 46,28
09/19/2012,06 14 21 27 32 33,42
09/22/2012,03 05 09 13 21 28,02
09/26/2012,12 26 29 37 44 47,13
09/29/2012,01 14 22 37 44 47,10
10/03/2012,06 11 24 25 28 49,30
10/06/2012,04 05 18 26 32 39,35
10/10/2012,10 19 24 27 30 32,34
10/13/2012,01 07 10 16 36 40,44
10/17/2012,07 09 19 30 46 47,39
10/20/2012,11 15 25 34 40 49,44
10/24/2012,03 20 25 29 39 42,27
10/27/2012,10 11 14 18 23 35,09
10/31/2012,09 18 25 27 30 43,10
11/03/2012,06 11 14 20 22 25,08
11/07/2012,04 05 13 21 34 38,32
11/10/2012,06 11 22 27 29 49,33
11/14/2012,03 10 20 40 42 48,07
11/17/2012,13 14 16 30 34 42,11
11/21/2012,16 24 26 28 34 38,15
11/24/2012,05 22 30 33 47 48,11
11/28/2012,07 10 14 23 25 27,15
12/01/2012,03 13 24 25 27 44,43
12/05/2012,08 19 24 29 35 41,44
12/08/2012,04 23 24 35 38 49,46
12/12/2012,02 15 19 26 38 45,47
12/15/2012,07 09 14 21 38 42,26
12/19/2012,03 10 11 14 27 47,23
12/22/2012,21 30 34 35 37 44,09
12/26/2012,03 10 11 14 21 42,28
12/29/2012,01 07 09 27 43 44,22
01/02/2013,03 04 10 29 43 49,34
01/05/2013,03 16 20 35 36 44,09
01/09/2013,11 16 26 30 43 45,25
01/12/2013,04 15 30 34 47 48,28
01/16/2013,04 09 16 23 38 47,33
01/19/2013,09 27 31 34 44 45,40
01/23/2013,02 09 14 23 31 43,01
01/26/2013,13 32 36 39 45 48,49
01/30/2013,01 04 07 10 23 49,33
02/02/2013,01 03 05 21 27 29,42
02/06/2013,07 08 10 22 27 32,17
02/09/2013,06 17 30 32 37 41,13
02/13/2013,02 29 33 41 42 46,26
02/16/2013,03 05 34 37 38 47,33
02/20/2013,03 04 11 25 35 44,24
02/23/2013,18 19 22 29 44 45,28
02/27/2013,05 21 33 36 40 41,31
03/02/2013,01 07 11 14 26 28,23
03/06/2013,05 20 21 25 27 48,08
03/09/2013,05 23 25 29 46 48,14
03/13/2013,05 14 22 24 39 44,48
03/16/2013,01 09 24 32 35 47,34
03/20/2013,01 10 14 21 30 40,35
03/23/2013,01 29 35 41 44 48,24
03/27/2013,05 07 08 29 30 49,47
03/30/2013,01 16 17 20 30 45,08
04/03/2013,06 09 13 21 38 42,11
04/06/2013,06 12 22 43 47 49,04
04/10/2013,15 22 27 38 40 43,34
04/13/2013,08 24 36 39 42 46,30
04/17/2013,03 09 17 28 35 41,33
04/20/2013,06 07 14 36 45 48,03
04/24/2013,02 04 10 15 38 44,43
04/27/2013,06 08 19 36 39 41,04
05/01/2013,32 35 39 44 47 48,43
05/04/2013,09 12 17 21 23 46,29
05/08/2013,07 15 27 30 31 37,17
05/11/2013,07 09 20 21 25 48,33
05/15/2013,22 24 25 31 32 34,44
05/18/2013,01 05 06 07 32 38,42
05/22/2013,01 02 10 11 31 34,36
05/25/2013,02 06 11 19 23 29,40
05/29/2013,08 25 31 35 38 45,10
06/01/2013,20 25 27 35 36 46,31
06/05/2013,03 05 20 24 28 41,09
06/08/2013,03 06 15 16 24 39,04
06/12/2013,01 05 12 30 42 48,44
06/15/2013,08 12 28 29 40 47,43
06/19/2013,08 11 22 28 46 48,03
06/22/2013,03 19 29 33 36 48,06
06/26/2013,17 29 36 39 44 45,37
06/29/2013,01 10 15 17 32 37,22
07/03/2013,16 18 24 29 39 40,28
07/06/2013,01 21 31 34 37 47,08
07/10/2013,02 03 14 38 42 43,49
07/13/2013,12 33 34 35 44 46,18
07/17/2013,08 17 23 33 36 45,27
07/20/2013,13 19 22 35 40 45,06
07/24/2013,05 10 15 21 32 41,11
07/27/2013,02 07 23 36 40 46,06
07/31/2013,07 20 24 26 35 44,09
08/03/2013,04 06 08 21 37 38,31
08/07/2013,06 08 10 36 41 43,05
08/10/2013,08 22 23 25 43 45,10
08/14/2013,03 07 13 21 36 45,39
08/17/2013,07 12 13 24 44 48,32
08/21/2013,09 13 15 19 43 48,12
08/24/2013,03 08 29 36 45 47,19
08/28/2013,29 33 34 43 47 48,11
08/31/2013,01 15 20 36 44 45,07
09/04/2013,03 13 33 34 40 47,49
09/07/2013,08 24 27 35 36 48,38
09/11/2013,05 06 24 30 32 43,37
09/14/2013,10 24 26 28 45 46,21
09/18/2013,05 06 09 14 40 49,22
09/21/2013,01 10 12 28 32 35,08
09/25/2013,17 19 22 32 38 39,03
09/28/2013,09 12 22 29 31 38,36
10/02/2013,16 27 40 42 46 49,05
10/05/2013,10 16 23 30 32 36,31
10/09/2013,19 34 38 41 45 48,42
10/12/2013,04 16 26 27 40 42,14
10/16/2013,04 08 31 41 45 48,02
10/19/2013,13 18 28 42 45 46,35
10/23/2013,01 10 18 22 25 45,13
10/26/2013,07 22 25 29 32 46,21
10/30/2013,06 09 15 25 40 47,02
11/02/2013,18 19 22 26 39 43,34
11/06/2013,03 04 06 18 25 46,31
11/09/2013,11 17 22 25 39 48,06
11/13/2013,01 07 09 13 32 41,04
11/16/2013,05 13 16 28 40 48,34
11/20/2013,01 18 20 23 42 48,10
11/23/2013,18 20 24 34 38 49,08
11/27/2013,11 23 35 42 46 48,10
11/30/2013,19 21 31 34 40 45,29
12/04/2013,02 08 18 19 34 45,33
12/07/2013,04 07 15 23 35 49,10
12/11/2013,01 02 14 15 18 45,26
12/14/2013,02 03 14 21 39 47,40
12/18/2013,01 16 21 26 31 44,12
12/21/2013,06 19 33 34 44 46,26
12/25/2013,04 05 07 09 20 48,30
12/28/2013,20 28 32 37 38 48,03
01/01/2014,06 07 26 34 39 48,10
01/04/2014,08 23 31 39 42 45,02
01/08/2014,06 11 20 24 31 35,18
01/11/2014,04 05 16 27 30 42,48
01/15/2014,04 10 13 21 36 39,44
01/18/2014,15 23 28 31 38 48,36
01/22/2014,07 23 41 42 46 48,45
01/25/2014,02 18 26 28 33 45,40
01/29/2014,06 09 15 23 41 44,21
02/01/2014,07 09 14 27 29 45,28
02/05/2014,01 05 07 08 13 49,41
02/08/2014,11 26 31 36 37 41,07
02/12/2014,13 14 21 25 27 48,47
02/15/2014,22 29 36 39 42 46,09
02/19/2014,04 09 12 16 37 43,31
02/22/2014,01 17 22 28 36 41,05
02/26/2014,06 12 13 14 38 45,26
03/01/2014,09 17 22 24 27 41,03
03/05/2014,10 30 32 35 42 47,45
03/08/2014,13 15 19 24 31 41,14
03/12/2014,09 19 21 24 40 41,01
03/15/2014,02 04 09 24 26 34,18
03/19/2014,05 07 13 15 37 43,35
03/22/2014,08 13 15 27 31 45,02
03/26/2014,01 13 14 28 43 46,16
03/29/2014,12 16 28 30 32 48,37
04/02/2014,19 20 29 30 31 42,47
04/05/2014,12 14 26 29 30 42,48
04/09/2014,22 24 28 31 32 38,01
04/12/2014,01 10 20 27 43 47,46
04/16/2014,01 09 13 27 40 42,30
04/19/2014,08 13 14 22 23 36,09
04/23/2014,01 06 08 13 19 30,38
04/26/2014,04 11 21 26 32 37,49
04/30/2014,03 07 08 14 25 40,16
05/03/2014,04 13 25 32 43 47,06
05/07/2014,07 09 22 30 37 39,47
05/10/2014,02 07 19 22 29 46,10
05/14/2014,01 03 06 10 12 35,19
05/17/2014,19 22 23 39 40 49,18
05/21/2014,05 18 22 23 43 44,26
05/24/2014,01 06 11 23 31 40,02
05/28/2014,01 09 18 21 32 49,04
05/31/2014,13 21 32 37 40 49,29
06/04/2014,01 09 17 20 21 35,11
06/07/2014,01 10 12 29 30 39,40
06/11/2014,02 08 19 28 38 45,24
06/14/2014,02 10 15 30 37 43,40
06/18/2014,07 09 11 16 24 40,12
06/21/2014,01 04 10 19 28 45,33
06/25/2014,07 12 21 25 28 29,42
06/28/2014,13 22 29 35 41 48,38
07/02/2014,04 05 07 09 15 30,01
07/05/2014,01 05 21 24 41 42,19
07/09/2014,18 21 33 34 36 44,10
07/12/2014,05 10 28 30 34 49,03
07/16/2014,08 13 16 22 30 49,19
07/19/2014,08 16 33 38 44 48,03
07/23/2014,09 10 36 39 42 44,06
07/26/2014,04 18 23 25 26 29,38
07/30/2014,02 11 12 26 38 40,28
08/02/2014,01 03 21 25 35 47,24
08/06/2014,01 06 15 29 34 42,09
08/09/2014,11 13 14 18 21 41,10
08/13/2014,11 29 32 36 38 40,39
08/16/2014,03 04 11 20 26 32,40
08/20/2014,09 11 25 31 35 38,39
08/23/2014,04 09 21 23 25 28,24
08/27/2014,08 18 28 31 39 46,22
08/30/2014,04 05 10 14 31 48,34
09/03/2014,12 23 24 29 30 38,36
09/06/2014,11 12 22 31 34 47,43
09/10/2014,26 27 33 37 39 43,46
09/13/2014,06 07 31 39 40 49,32
09/17/2014,06 10 22 38 44 49,25
09/20/2014,01 23 26 35 43 47,34
09/24/2014,01 02 06 11 25 37,26
09/27/2014,14 18 26 33 36 47,17
10/01/2014,05 07 13 14 23 44,16
10/04/2014,13 18 21 29 38 44,42
10/08/2014,09 12 14 25 37 42,28
10/11/2014,01 21 24 25 36 45,30
10/15/2014,12 18 20 24 39 43,47
10/18/2014,05 10 18 21 23 39,47
10/22/2014,05 07 16 21 32 49,17
10/25/2014,12 23 24 29 32 39,14
10/29/2014,13 14 16 27 36 43,34
11/01/2014,10 12 21 23 32 35,30
11/05/2014,14 33 36 39 43 46,07
11/08/2014,01 06 10 24 29 35,23
11/12/2014,03 14 16 23 43 46,09
11/15/2014,05 08 10 13 25 48,33
11/19/2014,02 07 11 21 44 46,45
11/22/2014,03 16 30 33 39 40,27
11/26/2014,04 05 19 20 30 33,18
11/29/2014,04 14 15 16 28 37,09
12/03/2014,06 11 14 27 35 48,42
12/06/2014,07 27 31 40 41 49,26
12/10/2014,01 20 22 34 39 49,09
12/13/2014,04 07 32 33 45 49,01
12/17/2014,03 14 18 23 37 43,36
12/20/2014,07 08 09 12 20 40,06
12/24/2014,28 31 38 41 45 47,48
12/27/2014,03 18 25 30 35 44,15
12/31/2014,11 16 31 32 37 42,07
01/03/2015,03 07 10 24 41 44,43
01/07/2015,16 20 28 30 31 35,44
01/10/2015,02 03 28 36 42 44,41
01/14/2015,09 12 15 16 30 35,01
01/17/2015,11 19 26 27 45 47,42
01/21/2015,14 17 21 26 43 46,31
01/24/2015,09 19 21 28 31 38,49
01/28/2015,08 23 26 31 35 38,24
01/31/2015,02 04 11 21 45 46,01
02/04/2015,12 19 20 25 34 36,06
02/07/2015,01 04 21 31 38 43,37
02/11/2015,01 02 18 31 43 46,20
02/14/2015,08 12 14 33 35 41,21
02/18/2015,03 13 23 24 25 43,17
02/21/2015,13 20 26 34 46 49,21
02/25/2015,13 15 20 26 32 49,24
02/28/2015,02 06 30 41 45 46,13
03/04/2015,01 02 18 21 39 45,11
03/07/2015,03 04 13 29 37 49,09
03/11/2015,07 08 17 22 25 37,15
03/14/2015,09 17 31 34 39 42,22
03/18/2015,17 18 26 36 40 44,37
03/21/2015,06 08 11 14 26 47,45
03/25/2015,14 19 20 28 37 41,30
03/28/2015,02 21 25 28 29 38,01
04/01/2015,03 06 08 12 31 42,05
04/04/2015,12 24 36 39 41 47,35
04/08/2015,10 22 23 27 31 47,37
04/11/2015,02 06 23 27 30 38,40
04/15/2015,05 18 38 43 46 47,21
04/18/2015,01 20 21 28 39 41,25
04/22/2015,01 10 13 15 16 42,02
04/25/2015,07 08 22 24 40 47,34
04/29/2015,03 07 13 14 31 32,22
05/02/2015,12 23 24 32 35 46,09
05/06/2015,06 13 15 25 39 45,36
05/09/2015,01 06 20 31 40 41,09
05/13/2015,01 09 30 31 48 49,11
05/16/2015,16 31 37 38 46 49,26
05/20/2015,05 07 13 19 27 28,31
05/23/2015,03 17 20 32 44 49,43
05/27/2015,01 02 12 19 24 38,30
05/30/2015,09 11 29 39 45 48,20
06/03/2015,01 07 11 13 39 47,19
06/06/2015,05 13 17 18 28 38,44
06/10/2015,03 07 20 21 31 49,11
06/13/2015,05 29 31 32 47 49,01
06/17/2015,15 32 34 37 42 46,17
06/20/2015,05 06 25 27 45 49,13
06/24/2015,27 31 35 36 39 48,33
06/27/2015,33 35 37 38 40 43,46
07/01/2015,13 14 20 24 25 37,39
07/04/2015,02 32 38 43 47 49,39
07/08/2015,04 05 07 18 36 47,03
07/11/2015,10 17 19 43 46 49,14
07/15/2015,06 20 26 37 43 46,40
07/18/2015,09 12 17 36 38 49,15
07/22/2015,08 15 17 21 27 34,28
07/25/2015,03 13 14 15 21 25,22
07/29/2015,01 07 13 19 41 45,08
08/01/2015,05 08 30 31 40 49,22
08/05/2015,02 08 14 17 27 49,33
08/08/2015,06 07 26 47 48 49,16
08/12/2015,21 25 28 45 46 47,36
08/15/2015,21 22 27 38 40 42,49
08/19/2015,11 14 34 41 46 47,44
08/22/2015,11 16 22 28 33 36,43
08/26/2015,09 11 23 39 43 48,49
08/29/2015,03 11 12 14 19 34,28
09/02/2015,10 11 24 28 29 44,27
09/05/2015,04 10 20 23 33 45,46
09/09/2015,02 06 07 10 26 41,37
09/12/2015,09 21 31 36 39 48,04
09/16/2015,06 13 17 18 19 41,37
09/19/2015,03 16 28 33 41 48,42
09/23/2015,03 04 29 32 33 46,02
09/26/2015,07 21 31 32 40 45,13
09/30/2015,06 13 27 32 34 41,28
10/03/2015,14 19 31 40 42 49,39
10/07/2015,03 13 15 16 20 28,11
10/10/2015,30 32 34 41 43 44,18
10/14/2015,01 11 15 28 32 40,25
10/17/2015,01 20 22 39 40 47,41
10/21/2015,10 13 19 23 37 48,01
10/24/2015,10 18 26 29 40 44,25
10/28/2015,02 09 16 43 45 46,20
10/31/2015,10 27 29 31 46 47,26
11/04/2015,02 05 26 27 42 44,25
11/07/2015,02 03 32 37 47 49,14
11/11/2015,02 11 13 31 32 37,39
11/14/2015,07 15 17 18 46 47,33
11/18/2015,14 17 20 27 28 32,45
11/21/2015,10 17 33 36 37 48,27
11/25/2015,10 16 25 26 36 38,12
11/28/2015,18 22 26 35 47 49,27
12/02/2015,14 18 29 33 42 44,41
12/05/2015,15 20 31 34 38 43,47
12/09/2015,01 12 18 23 34 38,30
12/12/2015,01 09 12 22 27 33,26
12/16/2015,01 04 06 11 33 40,15
12/19/2015,02 16 23 30 38 46,44
12/23/2015,07 09 15 27 42 48,38
12/26/2015,23 26 30 34 43 46,38
12/30/2015,23 26 34 42 44 45,32
01/02/2016,10 14 21 32 37 42,36
01/06/2016,13 14 19 24 35 45,42
01/09/2016,07 11 12 36 37 40,46
01/13/2016,05 08 11 19 36 43,24
01/16/2016,03 10 31 34 38 46,01
01/20/2016,22 25 32 36 43 49,14
01/23/2016,10 14 21 32 45 49,39
01/27/2016,06 10 30 31 46 47,28
01/30/2016,02 32 34 39 40 42,01
02/03/2016,09 13 18 24 34 46,23
02/06/2016,09 11 12 18 36 42,31
02/10/2016,11 24 31 39 45 47,38
02/13/2016,01 13 22 25 30 36,11
02/17/2016,08 10 25 27 38 46,28
02/20/2016,05 11 21 28 46 47,09
02/24/2016,07 13 18 23 25 47,38
02/27/2016,07 14 23 34 40 43,37
03/02/2016,01 10 31 33 36 49,27
03/05/2016,02 03 07 13 32 40,42
03/09/2016,05 06 08 19 39 43,44
03/12/2016,03 28 40 42 43 46,32 
03/16/2016,05 24 32 35 46 47,21 
03/19/2016,01 03 09 17 19 49,47 
03/23/2016,02 08 23 31 36 39,24 
03/26/2016,08 10 18 37 40 46,31 
03/30/2016,15 16 22 23 33 48,20 
04/02/2016,08 20 21 25 33 40,36 
04/06/2016,05 21 23 24 37 42,16 
04/09/2016,02 12 25 28 37 46,44 
04/13/2016,02 04 14 27 42 49,38 
04/16/2016,01 04 11 15 16 20,30 
04/20/2016,01 02 07 08 21 45,41 
04/23/2016,04 35 36 42 43 47,22 
04/27/2016,02 11 13 17 25 43,26 
04/30/2016,08 11 36 37 42 49,06
05/04/2016,09 12 20 24 34 44,36 
05/07/2016,05 12 16 36 43 48,28 
05/11/2016,05 27 31 37 46 47,45 
05/14/2016,07 21 24 31 36 40,25 
05/18/2016,01 02 09 31 45 48,39 
05/21/2016,04 12 17 18 24 37,03
05/25/2016,05 07 21 26 42 46,09
05/28/2016,03 12 36 38 47 49,48 
06/01/2016,13 15 17 33 36 38,34 
06/04/2016,02 15 31 41 46 49,23 
06/08/2016,03 06 11 17 31 39,24 
06/11/2016,15 28 32 34 46 49,02
06/15/2016,10 12 15 39 40 41,28 
06/18/2016,01 05 09 22 25 37,39 
06/22/2016,02 07 09 23 25 41,42 
06/25/2016,02 03 04 07 13 29,14
06/29/2016,13 15 24 34 48 49,45 
07/02/2016,06 11 13 18 22 28,30 
07/06/2016,01 11 19 24 34 43,40 
07/09/2016,01 05 06 17 26 37,09
07/13/2016,05 10 37 41 43 46,49 
07/16/2016,01 27 30 38 40 48,05
07/20/2016,02 15 16 18 25 43,37 
07/23/2016,04 07 10 17 21 22,29 
07/27/2016,01 06 22 38 41 42,26 
07/30/2016,09 20 24 29 45 47,06
08/03/2016,04 09 19 27 36 48,15 
08/06/2016,11 26 28 30 33 37,19 
08/10/2016,06 21 35 43 44 49,15 
08/13/2016,07 13 21 26 32 33,45 
08/17/2016,05 09 24 32 33 46,19 
08/20/2016,04 22 26 28 32 44,15 
08/24/2016,20 33 37 43 46 49,02
08/27/2016,11 20 21 24 27 35,09
08/31/2016,02 05 09 16 32 41,29 
09/03/2016,02 06 09 10 16 38,35 
09/07/2016,07 21 27 39 43 45,38 
09/10/2016,02 10 14 26 29 32,38 
09/14/2016,01 06 24 31 38 44,10 
09/17/2016,15 19 31 32 36 40,16 
09/21/2016,02 08 10 20 32 43,44 
09/24/2016,01 08 18 20 25 36,46 
09/28/2016,01 03 04 18 25 41,49 
10/01/2016,07 10 11 27 29 38,39 
10/05/2016,13 16 18 29 36 37,30 
10/08/2016,05 12 15 18 21 29,26 
10/12/2016,02 09 12 17 40 43,18 
10/15/2016,07 25 26 31 32 46,20 
10/19/2016,07 13 25 35 37 47,42 
10/22/2016,01 02 04 09 36 49,31 
10/26/2016,14 21 27 33 34 46,45 
10/29/2016,25 32 36 41 46 47,05
11/02/2016,01 04 06 07 15 19,25 
11/05/2016,04 05 21 22 34 40,45 
11/09/2016,13 22 34 37 44 46,39 
11/12/2016,15 18 19 27 31 32,03
11/16/2016,07 11 39 40 43 49,26 
11/19/2016,02 15 19 27 34 47,12 
11/23/2016,04 08 12 35 39 42,09
11/26/2016,10 14 16 19 46 48,44 
11/30/2016,02 13 20 30 37 41,39 
12/03/2016,03 07 26 37 44 46,36 
12/07/2016,04 15 22 25 31 42,27 
12/10/2016,04 18 20 35 43 49,30 
12/14/2016,05 20 23 25 31 41,46 
12/17/2016,01 02 22 35 45 49,19 
12/21/2016,11 32 38 41 44 48,05
12/24/2016,23 24 25 32 40 47,46 
12/28/2016,03 16 17 21 22 36,35 
12/31/2016,13 15 18 34 35 37,11 
01/04/2017,03 06 10 41 43 47,18 
01/07/2017,01 05 11 13 33 35,27 
01/11/2017,13 16 21 23 24 44,01
01/14/2017,03 20 26 30 31 42,07
01/18/2017,07 08 20 22 32 33,39 
01/21/2017,03 11 15 22 27 43,44 
01/25/2017,07 13 19 20 21 24,26 
01/28/2017,03 04 20 23 24 44,38 
02/01/2017,11 15 18 19 26 49,31 
02/04/2017,08 18 19 36 37 42,04
02/08/2017,03 07 14 25 48 49,47 
02/11/2017,02 05 07 15 27 39,09
02/15/2017,05 06 12 20 24 43,07
02/18/2017,22 31 32 34 43 45,06
02/22/2017,12 24 36 39 40 48,09
02/25/2017,11 17 28 35 41 47,33 
03/01/2017,09 21 28 29 47 48,39 
03/04/2017,01 09 25 38 43 45,02
03/08/2017,05 07 20 22 26 31,47 
03/11/2017,01 13 14 24 35 42,02
03/15/2017,02 03 06 11 17 25,29 
03/18/2017,11 15 19 23 24 28,17 
03/22/2017,07 19 24 26 31 39,38 
03/25/2017,04 06 12 17 28 44,26 
03/29/2017,07 20 35 36 43 45,21 
04/01/2017,15 23 28 35 38 44,11 
04/05/2017,06 07 34 41 48 49,47 
04/08/2017,17 19 21 22 44 46,04
04/12/2017,15 16 21 23 33 47,25 
04/15/2017,07 26 29 41 43 44,25 
04/19/2017,04 15 24 31 33 37,32 
04/22/2017,12 13 19 31 36 44,30 
04/26/2017,07 13 25 28 33 44,36 
04/29/2017,07 12 15 20 42 46,31 
05/03/2017,07 10 15 31 33 46,09
05/06/2017,11 24 27 39 41 45,14 
05/10/2017,02 15 23 24 39 42,20 
05/13/2017,01 11 28 30 45 48,42 
05/17/2017,05 12 24 30 40 44,27 
05/20/2017,07 09 12 17 31 46,30 
05/24/2017,01 10 21 24 44 46,20 
05/27/2017,06 13 18 35 44 48,38 
05/31/2017,02 25 31 33 39 45,05
06/03/2017,01 12 30 31 43 44,15
06/07/2017,01 27 29 30 44 48,37
06/10/2017,14 15 16 17 35 40,34
06/14/2017,01 06 12 20 31 36,09
06/17/2017,07 16 25 28 38 45,10
06/21/2017,03 16 22 26 27 35,32
06/24/2017,12 19 20 22 40 44,34