10/19/2012,08 15 17 30 46 47 48,45
10/26/2012,13 14 18 24 34 37 40,02
11/02/2012,03 12 25 35 40 41 44,23
11/09/2012,09 12 13 17 18 21 30,42
11/16/2012,11 20 27 30 37 48 49,35
11/23/2012,01 09 10 27 32 35 49,02
11/30/2012,06 24 27 28 30 35 36,32
12/07/2012,01 06 09 12 33 39 48,30
12/14/2012,01 02 19 21 25 34 42,31
12/21/2012,19 28 37 38 43 48 49,46
12/28/2012,01 04 23 28 35 40 46,26
01/04/2013,08 14 19 34 39 41 44,37
01/11/2013,05 12 16 23 31 47 48,33
01/18/2013,02 16 17 18 42 47 48,41
01/25/2013,04 07 23 30 34 43 48,16
02/01/2013,04 08 18 27 31 34 49,24
02/08/2013,05 07 08 34 40 43 47,02
02/15/2013,01 10 14 20 28 31 42,43
02/22/2013,02 13 14 16 28 46 47,15
03/01/2013,06 21 24 27 30 35 45,32
03/08/2013,03 12 19 25 35 38 40,37
03/15/2013,01 11 13 21 24 34 39,41
03/22/2013,03 06 10 16 21 33 38,14
03/29/2013,11 21 29 37 45 48 49,16
04/05/2013,02 03 09 14 29 38 43,04
04/12/2013,01 04 12 17 21 26 30,23
04/19/2013,04 08 11 20 21 23 34,40
04/26/2013,01 02 06 28 33 46 49,04
05/03/2013,07 12 18 21 33 34 43,28
05/10/2013,11 14 16 20 21 29 43,04
05/17/2013,11 23 28 31 33 40 49,43
05/24/2013,03 06 20 21 22 29 46,43
05/31/2013,06 08 10 15 16 18 34,38
06/07/2013,21 23 26 32 33 38 46,09
06/14/2013,02 04 06 25 35 44 45,05
06/21/2013,01 06 11 12 30 32 41,02
06/28/2013,01 10 13 17 22 36 39,15
07/05/2013,14 17 22 26 28 40 42,06
07/12/2013,02 07 15 17 32 35 37,47
07/19/2013,01 21 23 28 31 42 44,08
07/26/2013,04 08 11 12 24 29 35,16
08/02/2013,01 30 37 39 40 41 46,33
08/09/2013,06 17 29 30 36 42 49,27
08/16/2013,01 08 12 17 29 40 44,28
08/23/2013,03 06 09 25 31 40 45,13
08/30/2013,25 27 29 31 37 40 41,16
09/06/2013,01 05 15 19 26 31 38,11
09/13/2013,03 06 10 17 29 39 41,14
09/20/2013,01 09 12 15 39 40 41,24
09/27/2013,01 04 16 24 34 35 36,26
10/04/2013,03 08 29 32 38 41 45,30
10/11/2013,04 15 33 38 40 42 44,05
10/18/2013,06 12 19 25 28 43 49,01
10/25/2013,03 10 27 29 34 42 49,14
11/01/2013,18 20 24 32 37 39 48,10
11/08/2013,10 17 24 27 34 42 44,47
11/15/2013,01 11 21 29 34 43 48,07
11/22/2013,02 04 09 19 21 32 43,18
11/29/2013,03 05 15 17 19 28 29,33
12/06/2013,14 19 20 22 30 34 35,10
12/13/2013,01 14 18 22 24 42 48,09
12/20/2013,02 11 15 16 43 44 45,05
12/27/2013,08 09 22 30 43 48 49,17
01/03/2014,07 12 13 26 27 30 43,49
01/10/2014,09 14 16 17 25 27 41,49
01/17/2014,10 11 14 19 20 37 47,38
01/24/2014,06 12 14 16 40 42 43,22
01/31/2014,02 03 17 19 32 42 47,28
02/07/2014,11 14 16 22 33 38 41,05
02/14/2014,05 07 11 18 33 36 39,44
02/21/2014,04 09 11 19 22 40 48,12
02/28/2014,08 09 10 36 40 43 44,48
03/07/2014,10 18 22 23 28 32 34,38
03/14/2014,09 12 15 18 22 38 41,40
03/21/2014,01 04 19 23 34 39 49,47
03/28/2014,01 07 08 28 29 44 47,11
04/04/2014,03 10 20 34 38 39 48,13
04/11/2014,06 09 23 24 33 39 47,46
04/18/2014,07 32 33 34 38 40 48,25
04/25/2014,11 12 16 22 37 39 46,47
05/02/2014,09 19 23 30 37 41 46,40
05/09/2014,01 11 22 24 35 42 48,46
05/16/2014,02 04 18 24 40 42 49,10
05/23/2014,01 09 12 14 28 37 41,39
05/30/2014,01 16 17 34 36 38 43,25
06/06/2014,05 09 19 20 35 46 48,02
06/13/2014,12 18 19 32 34 35 44,24
06/20/2014,01 21 26 27 31 33 38,32
06/27/2014,06 09 10 27 28 32 44,35
07/04/2014,03 10 14 16 20 32 43,33
07/11/2014,08 12 13 14 29 30 46,27
07/18/2014,13 15 23 36 40 43 45,29
07/25/2014,06 12 20 24 39 45 49,35
08/01/2014,05 09 10 11 34 37 43,28
08/08/2014,08 13 14 20 21 35 43,36
08/15/2014,05 13 19 20 23 24 41,30
08/22/2014,02 14 15 23 32 45 48,47
08/29/2014,06 16 18 27 42 45 48,12
09/05/2014,02 07 30 32 36 42 48,11
09/12/2014,01 06 13 18 24 27 39,15
09/19/2014,01 04 14 22 25 37 44,13
09/26/2014,04 09 16 18 24 27 43,26
10/03/2014,02 07 14 18 36 44 47,28
10/10/2014,02 10 12 13 23 30 36,43
10/17/2014,08 12 13 16 27 42 43,17
10/24/2014,06 07 14 17 32 36 43,49
10/31/2014,01 04 05 07 08 36 45,10
11/07/2014,12 26 27 29 31 32 33,48
11/14/2014,01 04 16 27 29 32 44,02
11/21/2014,13 24 26 30 31 44 49,23
11/28/2014,01 08 12 18 21 26 41,09
12/05/2014,03 23 35 38 42 43 46,39
12/12/2014,02 04 30 38 44 46 49,22
12/19/2014,02 03 10 22 36 38 39,17
12/26/2014,07 09 16 17 21 23 28,40
01/02/2015,03 04 07 13 31 32 37,35
01/09/2015,03 07 14 17 21 24 37,44
01/16/2015,06 10 21 30 32 33 42,24
01/23/2015,11 21 25 30 34 35 47,15
01/30/2015,04 09 14 18 20 25 33,23
02/06/2015,01 06 08 17 35 43 45,13
02/13/2015,03 15 17 27 32 40 43,36
02/20/2015,02 11 17 27 28 37 43,31
02/27/2015,03 04 11 21 26 36 38,10
03/06/2015,14 17 22 27 38 43 48,37
03/13/2015,03 10 16 25 40 44 45,08
03/20/2015,09 15 23 32 34 38 43,24
03/27/2015,16 18 19 24 26 36 37,27
04/03/2015,03 04 05 10 17 29 39,28
04/10/2015,02 07 08 11 34 44 46,26
04/17/2015,05 16 18 32 41 44 48,07
04/24/2015,09 16 24 33 36 39 49,07
05/01/2015,03 28 29 31 41 45 47,23
05/08/2015,03 07 13 23 40 43 44,28
05/15/2015,08 11 12 17 32 44 49,02
05/22/2015,04 05 20 24 30 37 42,19
05/29/2015,01 04 11 29 31 35 46,12
06/05/2015,05 14 17 33 39 43 46,44
06/12/2015,17 18 24 31 37 44 49,41
06/19/2015,02 16 22 32 41 47 48,17
06/26/2015,04 09 15 27 29 31 47,22
07/03/2015,02 03 08 10 11 15 18,23
07/10/2015,05 06 19 28 37 43 46,01
07/17/2015,17 18 30 35 36 41 49,09
07/24/2015,12 14 16 27 31 39 40,15
07/31/2015,07 08 16 21 33 35 46,47
08/07/2015,14 15 21 25 32 36 37,22
08/14/2015,07 17 23 31 39 42 45,40
08/21/2015,15 25 26 28 37 38 46,47
08/28/2015,10 14 20 23 27 32 33,11
09/04/2015,07 09 15 26 40 47 48,25
09/11/2015,04 13 14 18 43 46 49,03
09/18/2015,03 08 16 25 26 27 28,22
09/25/2015,07 08 15 18 22 43 49,36
10/02/2015,13 21 25 29 32 35 48,39
10/09/2015,16 17 27 30 32 39 40,04
10/16/2015,05 10 24 26 34 38 41,23
10/23/2015,06 12 16 19 32 35 39,14
10/30/2015,02 17 18 26 35 39 44,24
11/06/2015,07 09 13 14 21 23 38,43
11/13/2015,07 13 15 23 33 37 46,30
11/20/2015,02 09 21 28 40 45 48,41
11/27/2015,01 23 26 29 37 39 45,43
12/04/2015,09 19 20 23 41 45 48,37
12/11/2015,04 05 08 13 18 42 49,21
12/18/2015,01 10 23 24 26 34 47,43
12/25/2015,06 08 12 19 22 40 49,24
01/01/2016,08 11 12 21 31 32 43,26
01/08/2016,06 14 16 22 23 31 35,25
01/15/2016,01 02 13 22 24 42 48,19
01/22/2016,05 16 21 24 41 42 47,40
01/29/2016,04 05 22 37 41 43 44,49
02/05/2016,01 05 06 21 44 46 49,47
02/12/2016,06 08 09 16 32 33 49,46
02/19/2016,01 14 16 22 23 31 36,47
02/26/2016,13 20 21 23 38 43 49,40
03/04/2016,09 12 17 23 24 35 36,40 
03/11/2016,02 08 17 25 40 43 46,49 
03/18/2016,02 12 20 21 27 32 47,42 
03/25/2016,03 19 24 33 38 40 48,17 
04/01/2016,04 07 08 11 15 25 49,46 
04/08/2016,09 13 19 34 42 46 48,07
04/15/2016,01 02 07 10 24 36 49,41 
04/22/2016,08 13 24 31 39 46 48,37 
04/29/2016,07 14 15 17 27 28 30,12 
05/06/2016,03 11 13 28 32 36 45,15 
05/13/2016,09 11 16 20 21 37 47,40 
05/20/2016,04 16 22 25 37 38 48,18 
05/27/2016,06 11 24 26 32 40 42,04
06/03/2016,01 07 22 24 36 40 47,49 
06/10/2016,04 08 27 28 31 38 40,39 
06/17/2016,01 07 20 27 35 41 46,21 
06/24/2016,05 10 14 24 26 36 44,02
07/01/2016,01 02 03 09 11 40 41,08
07/08/2016,03 04 24 29 33 36 42,38 
07/15/2016,13 15 18 32 41 43 44,40 
07/22/2016,08 09 11 14 34 40 47,44 
07/29/2016,06 07 08 17 33 37 38,36 
08/05/2016,04 17 19 22 24 37 43,36 
08/12/2016,01 06 23 26 28 36 46,45 
08/19/2016,03 09 21 37 41 43 49,31 
08/26/2016,01 10 23 27 32 34 39,42 
09/02/2016,09 12 20 30 32 40 47,44 
09/09/2016,18 19 25 27 41 47 49,28 
09/16/2016,01 03 11 13 38 44 48,02
09/23/2016,01 04 15 17 21 26 29,06
09/30/2016,10 13 15 23 29 35 49,27 
10/07/2016,02 06 10 16 20 25 44,35 
10/14/2016,01 07 14 15 32 42 45,22 
10/21/2016,06 08 22 27 30 37 46,01
10/28/2016,01 08 09 21 27 38 45,04
11/04/2016,02 07 13 23 33 46 49,34 
11/11/2016,03 11 23 24 26 29 46,33 
11/18/2016,17 18 20 26 34 39 40,37 
11/25/2016,01 04 07 12 13 43 47,29 
12/02/2016,01 03 05 16 21 37 46,31 
12/09/2016,05 07 13 18 33 38 47,24 
12/16/2016,04 05 19 27 32 39 46,22 
12/23/2016,04 05 14 15 30 37 44,27 
12/30/2016,03 15 37 39 43 46 49,07
01/06/2017,03 05 11 28 36 38 43,20 
01/13/2017,02 10 17 25 36 46 48,37 
01/20/2017,07 09 13 18 42 47 49,05
01/27/2017,08 12 13 16 24 29 40,28 
02/03/2017,05 10 12 18 22 33 41,07
02/10/2017,05 17 23 30 32 37 48,09
02/17/2017,09 10 15 31 34 39 43,46 
02/24/2017,08 09 27 39 45 46 49,29 
03/03/2017,01 02 13 22 23 36 48,24 
03/10/2017,01 05 14 19 22 28 32,40 
03/17/2017,01 03 09 14 15 21 27,12 
03/24/2017,09 12 18 36 37 41 42,24 
03/31/2017,04 05 18 23 32 46 48,19 
04/07/2017,06 14 22 24 25 39 49,18 
04/14/2017,17 22 23 25 26 34 42,15 
04/21/2017,02 15 24 27 29 38 49,42 
04/28/2017,11 18 19 30 32 40 46,45 
05/05/2017,09 11 12 17 18 37 38,24 
05/12/2017,21 22 24 27 31 38 40,34 
05/19/2017,12 13 16 20 22 33 44,19 
05/26/2017,04 07 20 33 34 41 45,28 
06/02/2017,06 12 13 20 31 42 47,09
06/09/2017,09 14 24 25 41 45 48,32
06/16/2017,13 22 31 32 41 44 46,23 
06/23/2017,01 08 21 24 31 34 47,30